MEME version 5.4.1 (Sat Aug 21 19:23:23 2021 -0700)

ALPHABET= ACGU

Background letter frequencies (from uniform background):
A 0.25000 C 0.25000 G 0.25000 U 0.25000 

MOTIF 1 VHYDGGUUCAAAUCCYRGCUC

letter-probability matrix: alength= 4 w= 21 nsites= 27 E= 0
  0.185185	  0.592593	  0.148148	  0.074074	
  0.148148	  0.592593	  0.111111	  0.148148	
  0.000000	  0.222222	  0.074074	  0.703704	
  0.148148	  0.074074	  0.629630	  0.148148	
  0.000000	  0.037037	  0.925926	  0.037037	
  0.000000	  0.037037	  0.925926	  0.037037	
  0.000000	  0.037037	  0.000000	  0.962963	
  0.000000	  0.111111	  0.000000	  0.888889	
  0.000000	  0.925926	  0.037037	  0.037037	
  0.814815	  0.000000	  0.111111	  0.074074	
  1.000000	  0.000000	  0.000000	  0.000000	
  0.962963	  0.000000	  0.037037	  0.000000	
  0.074074	  0.074074	  0.037037	  0.814815	
  0.037037	  0.851852	  0.074074	  0.037037	
  0.037037	  0.925926	  0.000000	  0.037037	
  0.037037	  0.592593	  0.037037	  0.333333	
  0.592593	  0.000000	  0.259259	  0.148148	
  0.111111	  0.148148	  0.703704	  0.037037	
  0.000000	  0.888889	  0.037037	  0.074074	
  0.000000	  0.037037	  0.148148	  0.814815	
  0.037037	  0.666667	  0.148148	  0.148148	

MOTIF 2 NRSARRARRAAGADNADRVDR

letter-probability matrix: alength= 4 w= 21 nsites= 55 E= 0
  0.490909	  0.145455	  0.218182	  0.145455	
  0.563636	  0.072727	  0.254545	  0.109091	
  0.072727	  0.236364	  0.618182	  0.072727	
  0.836364	  0.036364	  0.036364	  0.090909	
  0.490909	  0.109091	  0.309091	  0.090909	
  0.254545	  0.036364	  0.618182	  0.090909	
  0.709091	  0.090909	  0.090909	  0.109091	
  0.527273	  0.109091	  0.236364	  0.127273	
  0.254545	  0.145455	  0.563636	  0.036364	
  0.818182	  0.036364	  0.145455	  0.000000	
  1.000000	  0.000000	  0.000000	  0.000000	
  0.200000	  0.036364	  0.709091	  0.054545	
  0.727273	  0.090909	  0.163636	  0.018182	
  0.436364	  0.090909	  0.309091	  0.163636	
  0.145455	  0.163636	  0.563636	  0.127273	
  0.781818	  0.036364	  0.090909	  0.090909	
  0.454545	  0.072727	  0.236364	  0.236364	
  0.236364	  0.090909	  0.600000	  0.072727	
  0.563636	  0.145455	  0.200000	  0.090909	
  0.490909	  0.090909	  0.200000	  0.218182	
  0.236364	  0.145455	  0.618182	  0.000000	

MOTIF 3 GMRGVRGVRGARGVDGRDGRR

letter-probability matrix: alength= 4 w= 21 nsites= 143 E= 0
  0.090909	  0.111888	  0.713287	  0.083916	
  0.580420	  0.202797	  0.125874	  0.090909	
  0.272727	  0.097902	  0.510490	  0.118881	
  0.083916	  0.048951	  0.762238	  0.104895	
  0.594406	  0.153846	  0.174825	  0.076923	
  0.307692	  0.055944	  0.531469	  0.104895	
  0.083916	  0.160839	  0.734266	  0.020979	
  0.559441	  0.188811	  0.188811	  0.062937	
  0.230769	  0.083916	  0.566434	  0.118881	
  0.048951	  0.090909	  0.832168	  0.027972	
  1.000000	  0.000000	  0.000000	  0.000000	
  0.293706	  0.062937	  0.524476	  0.118881	
  0.076923	  0.132867	  0.762238	  0.027972	
  0.503497	  0.153846	  0.272727	  0.069930	
  0.265734	  0.111888	  0.482517	  0.139860	
  0.167832	  0.069930	  0.741259	  0.020979	
  0.566434	  0.097902	  0.244755	  0.090909	
  0.286713	  0.111888	  0.440559	  0.160839	
  0.069930	  0.160839	  0.748252	  0.020979	
  0.594406	  0.125874	  0.167832	  0.111888	
  0.272727	  0.125874	  0.517483	  0.083916	

MOTIF 4 GUGUGUGUGYAUGUGUGURUR

letter-probability matrix: alength= 4 w= 21 nsites= 38 E= 0
  0.131579	  0.000000	  0.789474	  0.078947	
  0.131579	  0.000000	  0.026316	  0.842105	
  0.000000	  0.078947	  0.815789	  0.105263	
  0.078947	  0.026316	  0.078947	  0.815789	
  0.078947	  0.052632	  0.789474	  0.078947	
  0.052632	  0.052632	  0.105263	  0.789474	
  0.131579	  0.078947	  0.763158	  0.026316	
  0.026316	  0.052632	  0.026316	  0.894737	
  0.131579	  0.105263	  0.736842	  0.026316	
  0.026316	  0.236842	  0.026316	  0.710526	
  1.000000	  0.000000	  0.000000	  0.000000	
  0.131579	  0.078947	  0.026316	  0.763158	
  0.105263	  0.052632	  0.763158	  0.078947	
  0.026316	  0.026316	  0.157895	  0.789474	
  0.184211	  0.052632	  0.710526	  0.052632	
  0.052632	  0.052632	  0.131579	  0.763158	
  0.131579	  0.052632	  0.684211	  0.131579	
  0.026316	  0.131579	  0.131579	  0.710526	
  0.236842	  0.026316	  0.631579	  0.105263	
  0.078947	  0.078947	  0.131579	  0.710526	
  0.184211	  0.105263	  0.605263	  0.105263	

MOTIF 5 DNDRNNNRNRARRRNNDBNRD

letter-probability matrix: alength= 4 w= 21 nsites= 80 E= 0
  0.412500	  0.112500	  0.237500	  0.237500	
  0.225000	  0.162500	  0.450000	  0.162500	
  0.325000	  0.112500	  0.337500	  0.225000	
  0.212500	  0.100000	  0.625000	  0.062500	
  0.425000	  0.137500	  0.287500	  0.150000	
  0.200000	  0.162500	  0.500000	  0.137500	
  0.412500	  0.137500	  0.175000	  0.275000	
  0.162500	  0.087500	  0.625000	  0.125000	
  0.425000	  0.137500	  0.300000	  0.137500	
  0.250000	  0.087500	  0.625000	  0.037500	
  1.000000	  0.000000	  0.000000	  0.000000	
  0.200000	  0.150000	  0.612500	  0.037500	
  0.325000	  0.062500	  0.512500	  0.100000	
  0.162500	  0.075000	  0.650000	  0.112500	
  0.312500	  0.162500	  0.337500	  0.187500	
  0.212500	  0.162500	  0.500000	  0.125000	
  0.450000	  0.100000	  0.237500	  0.212500	
  0.112500	  0.137500	  0.587500	  0.162500	
  0.400000	  0.212500	  0.212500	  0.175000	
  0.275000	  0.075000	  0.575000	  0.075000	
  0.450000	  0.075000	  0.312500	  0.162500	

MOTIF 6 HHVCVCMHRCACACNCACMCW

letter-probability matrix: alength= 4 w= 21 nsites= 60 E= 0
  0.516667	  0.166667	  0.116667	  0.200000	
  0.133333	  0.566667	  0.116667	  0.183333	
  0.566667	  0.183333	  0.150000	  0.100000	
  0.083333	  0.783333	  0.033333	  0.100000	
  0.633333	  0.133333	  0.133333	  0.100000	
  0.050000	  0.766667	  0.083333	  0.100000	
  0.600000	  0.183333	  0.116667	  0.100000	
  0.166667	  0.533333	  0.050000	  0.250000	
  0.550000	  0.100000	  0.250000	  0.100000	
  0.066667	  0.650000	  0.150000	  0.133333	
  1.000000	  0.000000	  0.000000	  0.000000	
  0.050000	  0.866667	  0.050000	  0.033333	
  0.716667	  0.066667	  0.100000	  0.116667	
  0.033333	  0.750000	  0.133333	  0.083333	
  0.500000	  0.166667	  0.200000	  0.133333	
  0.116667	  0.766667	  0.083333	  0.033333	
  0.700000	  0.083333	  0.066667	  0.150000	
  0.083333	  0.733333	  0.166667	  0.016667	
  0.650000	  0.200000	  0.033333	  0.116667	
  0.116667	  0.783333	  0.033333	  0.066667	
  0.616667	  0.116667	  0.100000	  0.166667	

MOTIF 7 CDGCHGCWGCASCWSCNGCWS

letter-probability matrix: alength= 4 w= 21 nsites= 106 E= 0
  0.094340	  0.726415	  0.094340	  0.084906	
  0.509434	  0.122642	  0.160377	  0.207547	
  0.094340	  0.113208	  0.660377	  0.132075	
  0.037736	  0.764151	  0.132075	  0.066038	
  0.509434	  0.160377	  0.094340	  0.235849	
  0.103774	  0.141509	  0.660377	  0.094340	
  0.028302	  0.773585	  0.122642	  0.075472	
  0.377358	  0.103774	  0.122642	  0.396226	
  0.066038	  0.084906	  0.801887	  0.047170	
  0.009434	  0.877358	  0.047170	  0.066038	
  1.000000	  0.000000	  0.000000	  0.000000	
  0.066038	  0.226415	  0.669811	  0.037736	
  0.084906	  0.745283	  0.113208	  0.056604	
  0.452830	  0.113208	  0.122642	  0.311321	
  0.056604	  0.198113	  0.679245	  0.066038	
  0.084906	  0.698113	  0.160377	  0.056604	
  0.443396	  0.169811	  0.160377	  0.226415	
  0.122642	  0.132075	  0.726415	  0.018868	
  0.075472	  0.698113	  0.141509	  0.084906	
  0.547170	  0.122642	  0.103774	  0.226415	
  0.150943	  0.207547	  0.613208	  0.028302	

MOTIF 8 ARAAAAARARAVAAAAARRRN

letter-probability matrix: alength= 4 w= 21 nsites= 87 E= 0
  0.689655	  0.103448	  0.114943	  0.091954	
  0.632184	  0.011494	  0.206897	  0.149425	
  0.655172	  0.149425	  0.091954	  0.103448	
  0.701149	  0.068966	  0.137931	  0.091954	
  0.735632	  0.091954	  0.160920	  0.011494	
  0.804598	  0.034483	  0.091954	  0.068966	
  0.839080	  0.034483	  0.126437	  0.000000	
  0.689655	  0.034483	  0.195402	  0.080460	
  0.770115	  0.034483	  0.137931	  0.057471	
  0.367816	  0.126437	  0.390805	  0.114943	
  1.000000	  0.000000	  0.000000	  0.000000	
  0.563218	  0.183908	  0.137931	  0.114943	
  0.758621	  0.068966	  0.091954	  0.080460	
  0.701149	  0.068966	  0.172414	  0.057471	
  0.724138	  0.126437	  0.126437	  0.022989	
  0.701149	  0.080460	  0.126437	  0.091954	
  0.712644	  0.103448	  0.091954	  0.091954	
  0.586207	  0.080460	  0.195402	  0.137931	
  0.597701	  0.149425	  0.218391	  0.034483	
  0.505747	  0.149425	  0.298851	  0.045977	
  0.540230	  0.160920	  0.137931	  0.160920	

MOTIF 9 NNNNNHDBNNAVRNDNNNNDN

letter-probability matrix: alength= 4 w= 21 nsites= 146 E= 0
  0.219178	  0.294521	  0.239726	  0.246575	
  0.253425	  0.308219	  0.198630	  0.239726	
  0.308219	  0.171233	  0.273973	  0.246575	
  0.171233	  0.205479	  0.390411	  0.232877	
  0.246575	  0.397260	  0.164384	  0.191781	
  0.294521	  0.356164	  0.095890	  0.253425	
  0.321918	  0.109589	  0.150685	  0.417808	
  0.116438	  0.397260	  0.136986	  0.349315	
  0.294521	  0.280822	  0.246575	  0.178082	
  0.246575	  0.390411	  0.184932	  0.178082	
  1.000000	  0.000000	  0.000000	  0.000000	
  0.390411	  0.184932	  0.328767	  0.095890	
  0.595890	  0.136986	  0.184932	  0.082192	
  0.328767	  0.130137	  0.294521	  0.246575	
  0.239726	  0.102740	  0.404110	  0.253425	
  0.184932	  0.205479	  0.376712	  0.232877	
  0.267123	  0.253425	  0.205479	  0.273973	
  0.349315	  0.171233	  0.287671	  0.191781	
  0.294521	  0.143836	  0.397260	  0.164384	
  0.267123	  0.116438	  0.452055	  0.164384	
  0.349315	  0.130137	  0.328767	  0.191781	

MOTIF 10 HHNHHNYWBNAVARRADDHHW

letter-probability matrix: alength= 4 w= 21 nsites= 84 E= 0
  0.202381	  0.261905	  0.119048	  0.416667	
  0.142857	  0.142857	  0.095238	  0.619048	
  0.166667	  0.190476	  0.154762	  0.488095	
  0.190476	  0.226190	  0.047619	  0.535714	
  0.273810	  0.130952	  0.119048	  0.476190	
  0.238095	  0.130952	  0.130952	  0.500000	
  0.142857	  0.369048	  0.023810	  0.464286	
  0.154762	  0.130952	  0.095238	  0.619048	
  0.095238	  0.154762	  0.154762	  0.595238	
  0.178571	  0.250000	  0.166667	  0.404762	
  1.000000	  0.000000	  0.000000	  0.000000	
  0.619048	  0.142857	  0.142857	  0.095238	
  0.738095	  0.035714	  0.154762	  0.071429	
  0.642857	  0.119048	  0.166667	  0.071429	
  0.630952	  0.119048	  0.142857	  0.107143	
  0.738095	  0.023810	  0.142857	  0.095238	
  0.630952	  0.071429	  0.154762	  0.142857	
  0.559524	  0.107143	  0.202381	  0.130952	
  0.488095	  0.142857	  0.095238	  0.273810	
  0.523810	  0.178571	  0.083333	  0.214286	
  0.511905	  0.119048	  0.071429	  0.297619	

MOTIF 11 DNNNNNNNNNAAADNNDNDDN

letter-probability matrix: alength= 4 w= 21 nsites= 220 E= 0
  0.345455	  0.113636	  0.254545	  0.286364	
  0.281818	  0.231818	  0.250000	  0.236364	
  0.290909	  0.159091	  0.213636	  0.336364	
  0.286364	  0.200000	  0.177273	  0.336364	
  0.263636	  0.177273	  0.190909	  0.368182	
  0.259091	  0.159091	  0.200000	  0.381818	
  0.231818	  0.145455	  0.186364	  0.436364	
  0.281818	  0.150000	  0.272727	  0.295455	
  0.222727	  0.131818	  0.168182	  0.477273	
  0.200000	  0.154545	  0.286364	  0.359091	
  1.000000	  0.000000	  0.000000	  0.000000	
  0.686364	  0.095455	  0.081818	  0.136364	
  0.709091	  0.045455	  0.118182	  0.127273	
  0.390909	  0.063636	  0.290909	  0.254545	
  0.195455	  0.172727	  0.331818	  0.300000	
  0.277273	  0.154545	  0.250000	  0.318182	
  0.445455	  0.122727	  0.136364	  0.295455	
  0.368182	  0.190909	  0.181818	  0.259091	
  0.404545	  0.109091	  0.195455	  0.290909	
  0.331818	  0.113636	  0.218182	  0.336364	
  0.290909	  0.150000	  0.163636	  0.395455	

MOTIF 12 NNNNHNNVAWABNNNNNNNNN

letter-probability matrix: alength= 4 w= 21 nsites= 321 E= 0
  0.308411	  0.233645	  0.143302	  0.314642	
  0.295950	  0.208723	  0.199377	  0.295950	
  0.323988	  0.168224	  0.224299	  0.283489	
  0.289720	  0.180685	  0.190031	  0.339564	
  0.320872	  0.146417	  0.112150	  0.420561	
  0.305296	  0.183801	  0.264798	  0.246106	
  0.208723	  0.258567	  0.224299	  0.308411	
  0.485981	  0.246106	  0.149533	  0.118380	
  0.825545	  0.062305	  0.034268	  0.077882	
  0.679128	  0.068536	  0.065421	  0.186916	
  1.000000	  0.000000	  0.000000	  0.000000	
  0.037383	  0.566978	  0.236760	  0.158879	
  0.230530	  0.314642	  0.165109	  0.289720	
  0.190031	  0.274143	  0.295950	  0.239875	
  0.190031	  0.252336	  0.299065	  0.258567	
  0.258567	  0.230530	  0.218069	  0.292835	
  0.230530	  0.224299	  0.271028	  0.274143	
  0.277259	  0.186916	  0.233645	  0.302181	
  0.355140	  0.133956	  0.239875	  0.271028	
  0.320872	  0.165109	  0.230530	  0.283489	
  0.233645	  0.171340	  0.249221	  0.345794	

MOTIF 13 NNNNNDNDNHAHNKKUBUNHW

letter-probability matrix: alength= 4 w= 21 nsites= 119 E= 0
  0.394958	  0.126050	  0.226891	  0.252101	
  0.134454	  0.201681	  0.336134	  0.327731	
  0.361345	  0.134454	  0.151261	  0.352941	
  0.336134	  0.176471	  0.176471	  0.310924	
  0.252101	  0.210084	  0.260504	  0.277311	
  0.327731	  0.109244	  0.134454	  0.428571	
  0.302521	  0.176471	  0.294118	  0.226891	
  0.319328	  0.084034	  0.226891	  0.369748	
  0.378151	  0.184874	  0.184874	  0.252101	
  0.151261	  0.210084	  0.109244	  0.529412	
  1.000000	  0.000000	  0.000000	  0.000000	
  0.142857	  0.386555	  0.117647	  0.352941	
  0.184874	  0.184874	  0.126050	  0.504202	
  0.084034	  0.100840	  0.168067	  0.647059	
  0.117647	  0.075630	  0.218487	  0.588235	
  0.050420	  0.109244	  0.084034	  0.756303	
  0.075630	  0.142857	  0.159664	  0.621849	
  0.067227	  0.058824	  0.142857	  0.731092	
  0.142857	  0.126050	  0.176471	  0.554622	
  0.151261	  0.159664	  0.084034	  0.605042	
  0.193277	  0.092437	  0.134454	  0.579832	

MOTIF 14 DHWYUUUUUYAYWUUUUUUUH

letter-probability matrix: alength= 4 w= 21 nsites= 106 E= 0
  0.169811	  0.122642	  0.132075	  0.575472	
  0.226415	  0.179245	  0.113208	  0.481132	
  0.198113	  0.122642	  0.094340	  0.584906	
  0.122642	  0.188679	  0.066038	  0.622642	
  0.122642	  0.084906	  0.056604	  0.735849	
  0.056604	  0.066038	  0.103774	  0.773585	
  0.132075	  0.113208	  0.066038	  0.688679	
  0.169811	  0.066038	  0.047170	  0.716981	
  0.103774	  0.075472	  0.141509	  0.679245	
  0.075472	  0.207547	  0.132075	  0.584906	
  1.000000	  0.000000	  0.000000	  0.000000	
  0.141509	  0.367925	  0.037736	  0.452830	
  0.188679	  0.075472	  0.066038	  0.669811	
  0.084906	  0.113208	  0.122642	  0.679245	
  0.141509	  0.122642	  0.084906	  0.650943	
  0.056604	  0.103774	  0.141509	  0.698113	
  0.169811	  0.094340	  0.056604	  0.679245	
  0.094340	  0.122642	  0.122642	  0.660377	
  0.160377	  0.084906	  0.056604	  0.698113	
  0.113208	  0.103774	  0.113208	  0.669811	
  0.141509	  0.207547	  0.084906	  0.566038	

MOTIF 15 NNNNNNDNHHACHNNNNNNNN

letter-probability matrix: alength= 4 w= 21 nsites= 241 E= 0
  0.294606	  0.248963	  0.240664	  0.215768	
  0.186722	  0.257261	  0.269710	  0.286307	
  0.215768	  0.253112	  0.311203	  0.219917	
  0.257261	  0.203320	  0.253112	  0.286307	
  0.273859	  0.236515	  0.253112	  0.236515	
  0.248963	  0.282158	  0.174274	  0.294606	
  0.311203	  0.124481	  0.269710	  0.294606	
  0.286307	  0.282158	  0.257261	  0.174274	
  0.356846	  0.244813	  0.103734	  0.294606	
  0.182573	  0.585062	  0.074689	  0.157676	
  1.000000	  0.000000	  0.000000	  0.000000	
  0.029046	  0.854772	  0.066390	  0.049793	
  0.199170	  0.394191	  0.095436	  0.311203	
  0.136929	  0.394191	  0.253112	  0.215768	
  0.161826	  0.373444	  0.273859	  0.190871	
  0.290456	  0.149378	  0.273859	  0.286307	
  0.228216	  0.215768	  0.365145	  0.190871	
  0.253112	  0.290456	  0.174274	  0.282158	
  0.265560	  0.228216	  0.311203	  0.195021	
  0.219917	  0.244813	  0.319502	  0.215768	
  0.294606	  0.257261	  0.215768	  0.232365	

MOTIF 16 NNBNNNBNNSASNVNVNVNNN

letter-probability matrix: alength= 4 w= 21 nsites= 283 E= 0
  0.127208	  0.303887	  0.360424	  0.208481	
  0.130742	  0.353357	  0.371025	  0.144876	
  0.113074	  0.318021	  0.342756	  0.226148	
  0.134276	  0.385159	  0.346290	  0.134276	
  0.236749	  0.257951	  0.353357	  0.151943	
  0.141343	  0.371025	  0.282686	  0.204947	
  0.120141	  0.385159	  0.268551	  0.226148	
  0.166078	  0.265018	  0.346290	  0.222615	
  0.148410	  0.318021	  0.367491	  0.166078	
  0.091873	  0.508834	  0.318021	  0.081272	
  1.000000	  0.000000	  0.000000	  0.000000	
  0.109541	  0.335689	  0.462898	  0.091873	
  0.236749	  0.275618	  0.349823	  0.137809	
  0.148410	  0.243816	  0.491166	  0.116608	
  0.208481	  0.247350	  0.381625	  0.162544	
  0.151943	  0.413428	  0.325088	  0.109541	
  0.144876	  0.484099	  0.208481	  0.162544	
  0.204947	  0.424028	  0.268551	  0.102473	
  0.144876	  0.339223	  0.257951	  0.257951	
  0.212014	  0.275618	  0.371025	  0.141343	
  0.130742	  0.325088	  0.349823	  0.194346	

MOTIF 17 SNNYNBCHSCACYHCYNSBNY

letter-probability matrix: alength= 4 w= 21 nsites= 114 E= 0
  0.105263	  0.535088	  0.271930	  0.087719	
  0.263158	  0.412281	  0.140351	  0.184211	
  0.131579	  0.596491	  0.131579	  0.140351	
  0.078947	  0.675439	  0.043860	  0.201754	
  0.359649	  0.236842	  0.184211	  0.219298	
  0.105263	  0.543860	  0.140351	  0.210526	
  0.043860	  0.824561	  0.096491	  0.035088	
  0.307018	  0.184211	  0.096491	  0.412281	
  0.043860	  0.552632	  0.289474	  0.114035	
  0.078947	  0.789474	  0.043860	  0.087719	
  1.000000	  0.000000	  0.000000	  0.000000	
  0.052632	  0.824561	  0.070175	  0.052632	
  0.070175	  0.675439	  0.043860	  0.210526	
  0.175439	  0.508772	  0.105263	  0.210526	
  0.061404	  0.701754	  0.078947	  0.157895	
  0.070175	  0.561404	  0.131579	  0.236842	
  0.315789	  0.166667	  0.201754	  0.315789	
  0.061404	  0.543860	  0.307018	  0.087719	
  0.122807	  0.508772	  0.131579	  0.236842	
  0.254386	  0.228070	  0.192982	  0.324561	
  0.105263	  0.631579	  0.122807	  0.140351	

MOTIF 18 NBHNNYMCYCACCCYYHHCHN

letter-probability matrix: alength= 4 w= 21 nsites= 99 E= 0
  0.202020	  0.252525	  0.141414	  0.404040	
  0.040404	  0.444444	  0.343434	  0.171717	
  0.191919	  0.444444	  0.121212	  0.242424	
  0.232323	  0.383838	  0.131313	  0.252525	
  0.151515	  0.323232	  0.191919	  0.333333	
  0.111111	  0.626263	  0.111111	  0.151515	
  0.222222	  0.565657	  0.070707	  0.141414	
  0.121212	  0.676768	  0.030303	  0.171717	
  0.060606	  0.555556	  0.090909	  0.292929	
  0.060606	  0.818182	  0.020202	  0.101010	
  1.000000	  0.000000	  0.000000	  0.000000	
  0.050505	  0.727273	  0.101010	  0.121212	
  0.040404	  0.787879	  0.040404	  0.131313	
  0.070707	  0.777778	  0.060606	  0.090909	
  0.101010	  0.616162	  0.090909	  0.191919	
  0.090909	  0.555556	  0.111111	  0.242424	
  0.212121	  0.484848	  0.090909	  0.212121	
  0.151515	  0.606061	  0.090909	  0.151515	
  0.111111	  0.696970	  0.101010	  0.090909	
  0.222222	  0.373737	  0.111111	  0.292929	
  0.131313	  0.353535	  0.202020	  0.313131	

MOTIF 19 NNNNSNNNNSACCYNNVNBHB

letter-probability matrix: alength= 4 w= 21 nsites= 193 E= 0
  0.155440	  0.404145	  0.295337	  0.145078	
  0.160622	  0.367876	  0.269430	  0.202073	
  0.202073	  0.409326	  0.212435	  0.176166	
  0.212435	  0.191710	  0.316062	  0.279793	
  0.098446	  0.393782	  0.383420	  0.124352	
  0.160622	  0.357513	  0.238342	  0.243523	
  0.217617	  0.264249	  0.279793	  0.238342	
  0.160622	  0.341969	  0.352332	  0.145078	
  0.150259	  0.404145	  0.222798	  0.222798	
  0.093264	  0.616580	  0.202073	  0.088083	
  1.000000	  0.000000	  0.000000	  0.000000	
  0.020725	  0.818653	  0.098446	  0.062176	
  0.139896	  0.678756	  0.031088	  0.150259	
  0.093264	  0.626943	  0.098446	  0.181347	
  0.155440	  0.512953	  0.170984	  0.160622	
  0.191710	  0.331606	  0.341969	  0.134715	
  0.160622	  0.445596	  0.326425	  0.067358	
  0.222798	  0.383420	  0.212435	  0.181347	
  0.103627	  0.466321	  0.290155	  0.139896	
  0.191710	  0.481865	  0.124352	  0.202073	
  0.072539	  0.564767	  0.196891	  0.165803	

