>NNNCAATTATTN	1-NNNCAATTATTN	6.784174	-19215.790711	0	T:16055.0(14.62%),B:4237.2(0.83%),P:1e-8345	Tpos:15.0,Tstd:0.5,Bpos:10.5,Bstd:4.6,StrandBias:10.0,Multiplicity:1.00
0.228	0.223	0.300	0.250
0.235	0.255	0.231	0.279
0.236	0.218	0.299	0.247
0.171	0.477	0.165	0.187
0.908	0.005	0.001	0.086
0.997	0.001	0.001	0.001
0.001	0.001	0.001	0.997
0.001	0.385	0.001	0.613
0.997	0.001	0.001	0.001
0.001	0.001	0.001	0.997
0.001	0.001	0.110	0.888
0.215	0.303	0.240	0.243
>NNNNNAATTATT	2-NNNNNAATTATT	5.808135	-17145.668619	0	T:18794.0(17.11%),B:9952.2(1.94%),P:1e-7446	Tpos:13.7,Tstd:1.3,Bpos:10.6,Bstd:4.6,StrandBias:10.0,Multiplicity:1.00
0.219	0.251	0.317	0.214
0.269	0.243	0.256	0.231
0.221	0.248	0.283	0.248
0.231	0.277	0.288	0.204
0.183	0.308	0.237	0.272
0.482	0.196	0.060	0.262
0.953	0.008	0.028	0.011
0.117	0.061	0.001	0.821
0.001	0.391	0.053	0.555
0.626	0.045	0.277	0.052
0.298	0.019	0.049	0.634
0.001	0.001	0.297	0.701
>NDATTGCAYMAY	3-NDATTGCAYMAY	7.531222	-13252.175461	0	T:9552.0(8.70%),B:1270.8(0.25%),P:1e-5755	Tpos:11.0,Tstd:0.3,Bpos:10.6,Bstd:4.1,StrandBias:10.0,Multiplicity:1.00
0.244	0.296	0.231	0.229
0.197	0.157	0.334	0.313
0.537	0.132	0.316	0.015
0.004	0.005	0.002	0.989
0.006	0.001	0.004	0.989
0.091	0.009	0.613	0.287
0.001	0.990	0.007	0.002
0.489	0.138	0.203	0.170
0.154	0.459	0.001	0.386
0.497	0.501	0.001	0.001
0.997	0.001	0.001	0.001
0.001	0.463	0.044	0.492
>TGTTTRCWYWKN	4-TGTTTRCWYWKN	7.405236	-8269.435435	0	T:6498.0(5.92%),B:1239.7(0.24%),P:1e-3591	Tpos:11.0,Tstd:0.4,Bpos:10.4,Bstd:3.4,StrandBias:10.0,Multiplicity:1.00
0.050	0.001	0.001	0.948
0.160	0.028	0.811	0.001
0.001	0.001	0.001	0.997
0.001	0.024	0.090	0.885
0.028	0.001	0.231	0.740
0.446	0.070	0.410	0.074
0.043	0.798	0.003	0.156
0.375	0.210	0.029	0.386
0.086	0.413	0.125	0.376
0.500	0.017	0.089	0.394
0.180	0.218	0.374	0.229
0.234	0.272	0.260	0.233
>GGGGGWYCCCCC	5-GGGGGWYCCCCC	7.543049	-6758.826569	0	T:4559.0(4.15%),B:367.7(0.07%),P:1e-2935	Tpos:6.9,Tstd:0.8,Bpos:10.6,Bstd:3.0,StrandBias:10.0,Multiplicity:1.00
0.138	0.094	0.634	0.134
0.001	0.001	0.997	0.001
0.001	0.001	0.997	0.001
0.313	0.003	0.683	0.001
0.240	0.029	0.479	0.252
0.328	0.106	0.201	0.364
0.124	0.344	0.070	0.462
0.001	0.604	0.072	0.323
0.001	0.828	0.001	0.170
0.008	0.979	0.001	0.012
0.137	0.590	0.123	0.150
0.183	0.462	0.169	0.186
>CCATTGTYYTNN	6-CCATTGTYYTNN	6.133051	-6607.567113	0	T:5341.0(4.86%),B:1123.2(0.22%),P:1e-2869	Tpos:7.0,Tstd:0.5,Bpos:10.4,Bstd:3.6,StrandBias:10.0,Multiplicity:1.00
0.001	0.665	0.206	0.128
0.001	0.977	0.001	0.021
0.715	0.001	0.001	0.283
0.001	0.001	0.001	0.997
0.001	0.001	0.001	0.997
0.001	0.001	0.997	0.001
0.001	0.001	0.001	0.997
0.001	0.470	0.001	0.528
0.001	0.436	0.001	0.562
0.010	0.313	0.081	0.596
0.253	0.263	0.243	0.242
0.233	0.255	0.274	0.238
>DDNCMGGAAGTR	7-DDNCMGGAAGTR	7.798077	-4644.191399	0	T:3570.0(3.25%),B:600.8(0.12%),P:1e-2016	Tpos:10.0,Tstd:0.4,Bpos:10.5,Bstd:3.4,StrandBias:10.0,Multiplicity:1.00
0.322	0.147	0.334	0.198
0.358	0.143	0.246	0.253
0.279	0.303	0.227	0.191
0.139	0.638	0.222	0.001
0.506	0.490	0.003	0.001
0.003	0.001	0.995	0.001
0.004	0.004	0.988	0.004
0.997	0.001	0.001	0.001
0.985	0.004	0.007	0.004
0.216	0.004	0.773	0.007
0.204	0.238	0.011	0.547
0.233	0.202	0.382	0.183
>CAAGATGGCGGC	8-CAAGATGGCGGC	6.076257	-3986.181437	0	T:2792.0(2.54%),B:284.0(0.06%),P:1e-1731	Tpos:13.9,Tstd:0.7,Bpos:10.4,Bstd:3.0,StrandBias:10.0,Multiplicity:1.00
0.116	0.733	0.073	0.078
0.978	0.002	0.016	0.004
0.974	0.006	0.014	0.006
0.318	0.124	0.534	0.024
0.996	0.001	0.002	0.001
0.001	0.001	0.003	0.995
0.002	0.001	0.996	0.001
0.001	0.001	0.997	0.001
0.077	0.855	0.002	0.066
0.103	0.226	0.452	0.218
0.073	0.099	0.752	0.076
0.125	0.738	0.043	0.094
>GGTCASMNTGMC	9-GGTCASMNTGMC	7.613028	-1380.623451	0	T:1218.0(1.11%),B:333.9(0.07%),P:1e-599	Tpos:8.1,Tstd:0.8,Bpos:10.7,Bstd:3.5,StrandBias:10.0,Multiplicity:1.00
0.102	0.001	0.809	0.088
0.001	0.001	0.996	0.002
0.001	0.010	0.102	0.887
0.001	0.897	0.101	0.001
0.997	0.001	0.001	0.001
0.046	0.494	0.374	0.086
0.298	0.362	0.181	0.158
0.230	0.250	0.311	0.208
0.239	0.121	0.066	0.574
0.154	0.050	0.795	0.001
0.377	0.240	0.180	0.203
0.049	0.712	0.069	0.170
>VMAWVMGGAARW	10-VMAWVMGGAARW	9.234176	-733.519811	0	T:626.0(0.57%),B:154.6(0.03%),P:1e-318	Tpos:9.3,Tstd:1.5,Bpos:10.7,Bstd:2.9,StrandBias:10.0,Multiplicity:1.00
0.371	0.322	0.306	0.001
0.356	0.353	0.182	0.109
0.997	0.001	0.001	0.001
0.426	0.001	0.263	0.310
0.379	0.352	0.268	0.001
0.483	0.371	0.018	0.127
0.001	0.001	0.997	0.001
0.175	0.001	0.823	0.001
0.933	0.001	0.065	0.001
0.997	0.001	0.001	0.001
0.444	0.132	0.423	0.001
0.400	0.001	0.182	0.416
