>NNNNCAATTATT	1-NNNNCAATTATT	7.183294	-18971.603887	0	T:16288.0(14.83%),B:4686.7(0.91%),P:1e-8239	Tpos:14.0,Tstd:0.5,Bpos:10.4,Bstd:4.6,StrandBias:10.0,Multiplicity:1.00
0.246	0.217	0.293	0.244
0.264	0.244	0.247	0.244
0.246	0.219	0.295	0.239
0.245	0.272	0.249	0.234
0.168	0.399	0.217	0.216
0.597	0.181	0.001	0.221
0.997	0.001	0.001	0.001
0.001	0.001	0.001	0.997
0.001	0.340	0.001	0.658
0.894	0.001	0.104	0.001
0.089	0.001	0.001	0.909
0.001	0.001	0.236	0.762
>NNNNYAATTATT	2-NNNNYAATTATT	6.577690	-17979.499225	0	T:18446.0(16.79%),B:8508.0(1.66%),P:1e-7808	Tpos:13.8,Tstd:1.0,Bpos:10.5,Bstd:4.4,StrandBias:10.0,Multiplicity:1.00
0.257	0.284	0.222	0.237
0.244	0.256	0.270	0.230
0.263	0.267	0.244	0.225
0.221	0.257	0.263	0.259
0.206	0.369	0.197	0.228
0.586	0.148	0.001	0.265
0.997	0.001	0.001	0.001
0.001	0.001	0.001	0.997
0.001	0.325	0.001	0.673
0.809	0.001	0.189	0.001
0.184	0.001	0.001	0.814
0.001	0.001	0.302	0.696
>NKATTGCAYMAY	3-NKATTGCAYMAY	6.798517	-13236.905830	0	T:9497.0(8.65%),B:1228.6(0.24%),P:1e-5748	Tpos:11.0,Tstd:0.3,Bpos:10.4,Bstd:4.3,StrandBias:10.0,Multiplicity:1.00
0.261	0.241	0.243	0.255
0.173	0.097	0.386	0.343
0.729	0.050	0.220	0.001
0.001	0.001	0.001	0.997
0.001	0.001	0.001	0.997
0.021	0.001	0.694	0.284
0.001	0.997	0.001	0.001
0.730	0.047	0.115	0.108
0.093	0.453	0.001	0.453
0.569	0.429	0.001	0.001
0.997	0.001	0.001	0.001
0.001	0.424	0.014	0.561
>NTGTTTRCWYWK	4-NTGTTTRCWYWK	7.699199	-8348.046336	0	T:6102.0(5.55%),B:830.6(0.16%),P:1e-3625	Tpos:10.0,Tstd:0.3,Bpos:10.4,Bstd:3.4,StrandBias:10.0,Multiplicity:1.00
0.254	0.270	0.267	0.209
0.014	0.001	0.001	0.984
0.173	0.021	0.797	0.009
0.007	0.005	0.012	0.976
0.009	0.010	0.059	0.922
0.016	0.009	0.149	0.826
0.459	0.028	0.434	0.080
0.007	0.891	0.009	0.093
0.348	0.187	0.012	0.452
0.086	0.429	0.133	0.352
0.459	0.017	0.064	0.460
0.136	0.181	0.416	0.267
>SCWTTGTYYBNN	5-SCWTTGTYYBNN	7.976313	-6692.849596	0	T:5295.0(4.82%),B:1022.1(0.20%),P:1e-2906	Tpos:7.0,Tstd:0.5,Bpos:10.7,Bstd:3.9,StrandBias:10.0,Multiplicity:1.00
0.050	0.415	0.291	0.244
0.005	0.694	0.011	0.290
0.558	0.011	0.008	0.423
0.016	0.016	0.032	0.936
0.013	0.008	0.032	0.947
0.005	0.008	0.974	0.013
0.011	0.013	0.008	0.968
0.013	0.476	0.071	0.439
0.064	0.501	0.021	0.414
0.160	0.330	0.199	0.311
0.235	0.262	0.287	0.217
0.272	0.254	0.239	0.236
>GGGGDNYCCCCC	6-GGGGDNYCCCCC	6.862460	-6451.233534	0	T:4541.0(4.13%),B:488.6(0.10%),P:1e-2801	Tpos:7.1,Tstd:0.9,Bpos:10.6,Bstd:2.9,StrandBias:10.0,Multiplicity:1.00
0.163	0.152	0.555	0.130
0.002	0.001	0.996	0.001
0.093	0.001	0.905	0.001
0.379	0.034	0.566	0.021
0.260	0.041	0.355	0.344
0.234	0.214	0.212	0.340
0.145	0.388	0.121	0.346
0.001	0.548	0.126	0.325
0.001	0.697	0.015	0.287
0.092	0.748	0.034	0.126
0.168	0.543	0.138	0.151
0.232	0.415	0.182	0.171
>DNNCMGGAAGTV	7-DNNCMGGAAGTV	7.945000	-4594.264834	0	T:3484.0(3.17%),B:549.5(0.11%),P:1e-1995	Tpos:10.0,Tstd:0.4,Bpos:10.3,Bstd:3.4,StrandBias:10.0,Multiplicity:1.00
0.348	0.182	0.268	0.203
0.321	0.199	0.237	0.244
0.242	0.321	0.231	0.206
0.178	0.519	0.302	0.001
0.523	0.468	0.008	0.001
0.001	0.001	0.997	0.001
0.004	0.001	0.991	0.004
0.997	0.001	0.001	0.001
0.995	0.003	0.001	0.001
0.278	0.004	0.717	0.001
0.237	0.240	0.008	0.515
0.248	0.241	0.355	0.156
>CAAGATGGCGGC	8-CAAGATGGCGGC	6.529537	-3991.203594	0	T:2701.0(2.46%),B:215.0(0.04%),P:1e-1733	Tpos:13.9,Tstd:0.6,Bpos:10.6,Bstd:3.1,StrandBias:10.0,Multiplicity:1.00
0.115	0.735	0.073	0.077
0.986	0.002	0.010	0.002
0.973	0.006	0.015	0.006
0.312	0.124	0.539	0.025
0.997	0.001	0.001	0.001
0.001	0.001	0.002	0.996
0.002	0.001	0.996	0.001
0.001	0.001	0.997	0.001
0.078	0.853	0.001	0.068
0.105	0.230	0.444	0.221
0.070	0.102	0.751	0.077
0.127	0.735	0.042	0.096
>GGTCASMNTGHC	9-GGTCASMNTGHC	7.413027	-1429.533860	0	T:1283.0(1.17%),B:369.7(0.07%),P:1e-620	Tpos:8.1,Tstd:0.8,Bpos:10.7,Bstd:3.8,StrandBias:10.0,Multiplicity:1.00
0.047	0.001	0.896	0.056
0.006	0.001	0.992	0.001
0.010	0.021	0.095	0.874
0.001	0.944	0.054	0.001
0.996	0.001	0.001	0.002
0.051	0.491	0.357	0.101
0.293	0.376	0.167	0.165
0.197	0.315	0.271	0.217
0.220	0.110	0.044	0.626
0.118	0.038	0.841	0.003
0.347	0.246	0.190	0.217
0.031	0.809	0.028	0.132
>TGCGCAATCAYT	10-TGCGCAATCAYT	11.654396	-107.438736	0	T:71.0(0.06%),B:5.5(0.00%),P:1e-46	Tpos:12.8,Tstd:3.2,Bpos:7.3,Bstd:2.5,StrandBias:10.0,Multiplicity:1.00
0.001	0.099	0.001	0.899
0.001	0.001	0.997	0.001
0.001	0.997	0.001	0.001
0.001	0.001	0.997	0.001
0.001	0.997	0.001	0.001
0.699	0.299	0.001	0.001
0.997	0.001	0.001	0.001
0.001	0.001	0.199	0.799
0.200	0.599	0.001	0.200
0.699	0.001	0.299	0.001
0.001	0.499	0.001	0.499
0.199	0.001	0.001	0.799
