>CCCGGGGVCC	1-CCCGGGGVCC	6.211897	-161.962335	0	T:658.0(8.01%),B:1171.0(3.28%),P:1e-70	Tpos:12.5,Tstd:2.3,Bpos:10.4,Bstd:3.7,StrandBias:10.0,Multiplicity:1.02
0.103	0.811	0.085	0.001
0.001	0.816	0.182	0.001
0.125	0.708	0.166	0.001
0.141	0.327	0.531	0.001
0.049	0.001	0.949	0.001
0.249	0.001	0.749	0.001
0.328	0.090	0.581	0.001
0.269	0.324	0.405	0.001
0.174	0.492	0.333	0.001
0.179	0.701	0.119	0.001
>CAGGAGCAGC	2-CAGGAGCAGC	6.256018	-102.266797	0	T:488.0(5.94%),B:942.8(2.64%),P:1e-44	Tpos:12.6,Tstd:3.5,Bpos:10.4,Bstd:4.7,StrandBias:10.0,Multiplicity:1.01
0.008	0.936	0.055	0.001
0.708	0.106	0.185	0.001
0.057	0.032	0.910	0.001
0.025	0.308	0.666	0.001
0.636	0.118	0.245	0.001
0.095	0.218	0.686	0.001
0.219	0.572	0.208	0.001
0.653	0.213	0.133	0.001
0.081	0.197	0.721	0.001
0.047	0.666	0.286	0.001
>CGGGGACCCC	3-CGGGGACCCC	5.515756	-84.106495	0	T:261.0(3.18%),B:391.4(1.10%),P:1e-36	Tpos:14.0,Tstd:2.9,Bpos:10.4,Bstd:3.6,StrandBias:10.0,Multiplicity:1.00
0.001	0.997	0.001	0.001
0.280	0.001	0.718	0.001
0.001	0.001	0.997	0.001
0.069	0.001	0.929	0.001
0.001	0.001	0.997	0.001
0.701	0.235	0.063	0.001
0.091	0.907	0.001	0.001
0.070	0.839	0.090	0.001
0.278	0.675	0.046	0.001
0.001	0.929	0.069	0.001
>ACCCCCGGGG	4-ACCCCCGGGG	7.385267	-55.714129	0	T:184.0(2.24%),B:289.7(0.81%),P:1e-24	Tpos:10.2,Tstd:1.1,Bpos:11.1,Bstd:3.3,StrandBias:10.0,Multiplicity:1.00
0.632	0.152	0.215	0.001
0.001	0.822	0.176	0.001
0.225	0.727	0.047	0.001
0.020	0.883	0.096	0.001
0.001	0.795	0.203	0.001
0.080	0.859	0.060	0.001
0.210	0.134	0.655	0.001
0.289	0.101	0.609	0.001
0.214	0.001	0.784	0.001
0.001	0.045	0.953	0.001
>GACCCCGAGG	5-GACCCCGAGG	9.022431	-42.029469	0	T:46.0(0.56%),B:21.7(0.06%),P:1e-18	Tpos:9.9,Tstd:1.8,Bpos:9.7,Bstd:4.7,StrandBias:10.0,Multiplicity:1.00
0.227	0.289	0.483	0.001
0.997	0.001	0.001	0.001
0.299	0.512	0.188	0.001
0.001	0.997	0.001	0.001
0.001	0.997	0.001	0.001
0.001	0.807	0.191	0.001
0.201	0.001	0.797	0.001
0.997	0.001	0.001	0.001
0.202	0.200	0.597	0.001
0.001	0.001	0.997	0.001
>CAAACCSAGG	6-CAAACCSAGG	8.091892	-40.833781	0	T:59.0(0.72%),B:43.1(0.12%),P:1e-17	Tpos:10.2,Tstd:2.2,Bpos:10.5,Bstd:2.7,StrandBias:10.0,Multiplicity:1.00
0.141	0.744	0.114	0.001
0.781	0.148	0.070	0.001
0.556	0.135	0.308	0.001
0.641	0.244	0.114	0.001
0.208	0.514	0.277	0.001
0.193	0.667	0.139	0.001
0.054	0.473	0.472	0.001
0.769	0.043	0.187	0.001
0.001	0.001	0.997	0.001
0.044	0.028	0.927	0.001
>CCCCGAGGAG	7-CCCCGAGGAG	7.718682	-38.483923	0	T:100.0(1.22%),B:134.9(0.38%),P:1e-16	Tpos:12.0,Tstd:2.1,Bpos:10.7,Bstd:4.2,StrandBias:10.0,Multiplicity:1.00
0.044	0.858	0.097	0.001
0.129	0.641	0.229	0.001
0.197	0.602	0.200	0.001
0.109	0.800	0.090	0.001
0.037	0.093	0.869	0.001
0.776	0.110	0.113	0.001
0.087	0.130	0.782	0.001
0.022	0.053	0.924	0.001
0.840	0.099	0.060	0.001
0.030	0.050	0.919	0.001
>SCAGGGCAGC	8-SCAGGGCAGC	9.819638	-27.634994	0	T:34.0(0.41%),B:20.2(0.06%),P:1e-12	Tpos:11.5,Tstd:3.9,Bpos:10.6,Bstd:2.6,StrandBias:10.0,Multiplicity:1.00
0.132	0.434	0.433	0.001
0.001	0.862	0.136	0.001
0.734	0.264	0.001	0.001
0.405	0.001	0.593	0.001
0.001	0.001	0.997	0.001
0.001	0.283	0.715	0.001
0.001	0.997	0.001	0.001
0.997	0.001	0.001	0.001
0.264	0.001	0.734	0.001
0.001	0.997	0.001	0.001
>SCAGAMCGGG	9-SCAGAMCGGG	9.767113	-26.847510	0	T:42.0(0.51%),B:35.4(0.10%),P:1e-11	Tpos:9.6,Tstd:1.6,Bpos:12.2,Bstd:4.3,StrandBias:10.0,Multiplicity:1.00
0.001	0.558	0.440	0.001
0.001	0.997	0.001	0.001
0.997	0.001	0.001	0.001
0.313	0.209	0.477	0.001
0.663	0.335	0.001	0.001
0.320	0.438	0.241	0.001
0.001	0.997	0.001	0.001
0.001	0.001	0.997	0.001
0.001	0.001	0.997	0.001
0.001	0.001	0.997	0.001
>ACACAGGAAA	10-ACACAGGAAA	5.638282	-23.537726	0	T:24.0(0.29%),B:10.9(0.03%),P:1e-10	Tpos:12.1,Tstd:1.7,Bpos:9.6,Bstd:4.3,StrandBias:10.0,Multiplicity:1.00
0.997	0.001	0.001	0.001
0.001	0.997	0.001	0.001
0.997	0.001	0.001	0.001
0.001	0.997	0.001	0.001
0.663	0.001	0.335	0.001
0.001	0.001	0.997	0.001
0.001	0.001	0.997	0.001
0.640	0.351	0.008	0.001
0.643	0.001	0.355	0.001
0.997	0.001	0.001	0.001
>AGGAAGCGGG	11-AGGAAGCGGG	9.260925	-23.201192	0	T:23.0(0.28%),B:9.9(0.03%),P:1e-10	Tpos:10.1,Tstd:2.4,Bpos:10.2,Bstd:3.6,StrandBias:10.0,Multiplicity:1.00
0.997	0.001	0.001	0.001
0.001	0.001	0.997	0.001
0.138	0.052	0.809	0.001
0.770	0.138	0.091	0.001
0.997	0.001	0.001	0.001
0.138	0.138	0.723	0.001
0.001	0.997	0.001	0.001
0.138	0.001	0.860	0.001
0.001	0.001	0.997	0.001
0.001	0.138	0.860	0.001
>GAGCCGGGGC	12-GAGCCGGGGC	9.710399	-18.769201	0	T:42.0(0.51%),B:52.7(0.15%),P:1e-8	Tpos:11.5,Tstd:2.3,Bpos:10.7,Bstd:2.9,StrandBias:10.0,Multiplicity:1.00
0.092	0.001	0.906	0.001
0.938	0.060	0.001	0.001
0.001	0.001	0.997	0.001
0.044	0.894	0.061	0.001
0.001	0.938	0.060	0.001
0.092	0.001	0.906	0.001
0.001	0.001	0.997	0.001
0.134	0.245	0.620	0.001
0.001	0.142	0.856	0.001
0.060	0.938	0.001	0.001
>AAAAAAAAAA	13-AAAAAAAAAA	11.173981	-3.632670	0	T:4.0(0.05%),B:3.5(0.01%),P:1e-1	Tpos:11.1,Tstd:3.5,Bpos:10.4,Bstd:1.5,StrandBias:10.0,Multiplicity:1.50
0.866	0.132	0.001	0.001
0.928	0.070	0.001	0.001
0.883	0.115	0.001	0.001
0.815	0.183	0.001	0.001
0.815	0.183	0.001	0.001
0.883	0.115	0.001	0.001
0.883	0.115	0.001	0.001
0.946	0.052	0.001	0.001
0.928	0.070	0.001	0.001
0.938	0.060	0.001	0.001
