>CCCGGGRSCCSS	1-CCCGGGRSCCSS	6.817018	-73.081623	0	T:506.0(6.16%),B:1151.6(3.22%),P:1e-31	Tpos:12.9,Tstd:2.7,Bpos:10.5,Bstd:3.0,StrandBias:10.0,Multiplicity:1.04
0.080	0.650	0.269	0.001
0.001	0.939	0.059	0.001
0.184	0.716	0.099	0.001
0.231	0.264	0.504	0.001
0.055	0.033	0.911	0.001
0.209	0.035	0.755	0.001
0.379	0.176	0.444	0.001
0.004	0.467	0.528	0.001
0.113	0.613	0.273	0.001
0.226	0.522	0.251	0.001
0.179	0.377	0.443	0.001
0.130	0.402	0.467	0.001
>SCVSCCCCGGGG	2-SCVSCCCCGGGG	8.033469	-33.756482	0	T:138.0(1.68%),B:249.4(0.70%),P:1e-14	Tpos:9.2,Tstd:0.7,Bpos:11.4,Bstd:2.6,StrandBias:10.0,Multiplicity:1.00
0.121	0.421	0.457	0.001
0.146	0.549	0.304	0.001
0.386	0.355	0.258	0.001
0.266	0.433	0.300	0.001
0.207	0.546	0.246	0.001
0.193	0.762	0.044	0.001
0.129	0.826	0.044	0.001
0.048	0.567	0.384	0.001
0.219	0.253	0.527	0.001
0.255	0.126	0.618	0.001
0.069	0.008	0.922	0.001
0.129	0.177	0.693	0.001
>SCCSAGCMGGAG	3-SCCSAGCMGGAG	9.622924	-29.580889	0	T:61.0(0.74%),B:68.2(0.19%),P:1e-12	Tpos:11.0,Tstd:2.5,Bpos:10.8,Bstd:3.4,StrandBias:10.0,Multiplicity:1.02
0.001	0.514	0.484	0.001
0.001	0.924	0.074	0.001
0.001	0.637	0.361	0.001
0.001	0.483	0.515	0.001
0.704	0.222	0.073	0.001
0.001	0.075	0.923	0.001
0.001	0.628	0.370	0.001
0.301	0.437	0.261	0.001
0.135	0.147	0.717	0.001
0.001	0.114	0.884	0.001
0.775	0.223	0.001	0.001
0.001	0.001	0.997	0.001
>AGCAGAACCAGG	4-AGCAGAACCAGG	8.271998	-29.358770	0	T:71.0(0.86%),B:91.9(0.26%),P:1e-12	Tpos:10.0,Tstd:2.6,Bpos:10.3,Bstd:4.0,StrandBias:10.0,Multiplicity:1.00
0.537	0.218	0.244	0.001
0.099	0.120	0.780	0.001
0.060	0.826	0.113	0.001
0.907	0.020	0.072	0.001
0.101	0.079	0.819	0.001
0.521	0.279	0.199	0.001
0.634	0.080	0.285	0.001
0.099	0.687	0.213	0.001
0.053	0.768	0.178	0.001
0.780	0.059	0.160	0.001
0.033	0.020	0.946	0.001
0.060	0.139	0.800	0.001
>GRCGACGAGGAG	5-GRCGACGAGGAG	9.256454	-27.436043	0	T:42.0(0.51%),B:34.9(0.10%),P:1e-11	Tpos:11.2,Tstd:2.1,Bpos:10.4,Bstd:3.1,StrandBias:10.0,Multiplicity:1.00
0.032	0.196	0.771	0.001
0.456	0.194	0.349	0.001
0.097	0.748	0.154	0.001
0.101	0.194	0.704	0.001
0.478	0.293	0.228	0.001
0.064	0.837	0.098	0.001
0.032	0.064	0.903	0.001
0.651	0.282	0.066	0.001
0.001	0.193	0.805	0.001
0.064	0.065	0.870	0.001
0.753	0.032	0.214	0.001
0.001	0.063	0.935	0.001
>MGCRGGGCCSVS	6-MGCRGGGCCSVS	9.262135	-26.334644	0	T:72.0(0.88%),B:102.2(0.29%),P:1e-11	Tpos:13.3,Tstd:2.2,Bpos:10.1,Bstd:2.4,StrandBias:10.0,Multiplicity:1.00
0.404	0.546	0.049	0.001
0.023	0.001	0.975	0.001
0.001	0.997	0.001	0.001
0.426	0.047	0.526	0.001
0.144	0.001	0.854	0.001
0.001	0.001	0.997	0.001
0.001	0.071	0.927	0.001
0.168	0.640	0.191	0.001
0.161	0.607	0.231	0.001
0.241	0.402	0.356	0.001
0.338	0.340	0.321	0.001
0.147	0.483	0.369	0.001
>CACMCAGGCGAG	7-CACMCAGGCGAG	12.051906	-23.477226	0	T:14.0(0.17%),B:0.8(0.00%),P:1e-10	Tpos:11.7,Tstd:1.1,Bpos:13.0,Bstd:0.0,StrandBias:10.0,Multiplicity:1.00
0.001	0.997	0.001	0.001
0.997	0.001	0.001	0.001
0.001	0.818	0.180	0.001
0.458	0.361	0.180	0.001
0.001	0.997	0.001	0.001
0.734	0.180	0.085	0.001
0.001	0.001	0.997	0.001
0.001	0.001	0.997	0.001
0.001	0.818	0.180	0.001
0.001	0.001	0.997	0.001
0.638	0.001	0.360	0.001
0.372	0.001	0.626	0.001
>CCVSGGGGAGCC	8-CCVSGGGGAGCC	8.264068	-22.306895	0	T:126.0(1.53%),B:269.7(0.76%),P:1e-9	Tpos:12.9,Tstd:2.6,Bpos:10.4,Bstd:3.5,StrandBias:10.0,Multiplicity:1.00
0.104	0.564	0.331	0.001
0.103	0.895	0.001	0.001
0.288	0.309	0.402	0.001
0.001	0.528	0.470	0.001
0.104	0.105	0.790	0.001
0.001	0.344	0.654	0.001
0.055	0.204	0.740	0.001
0.168	0.245	0.586	0.001
0.873	0.125	0.001	0.001
0.001	0.001	0.997	0.001
0.205	0.533	0.261	0.001
0.148	0.774	0.077	0.001
>GCAGCAGCGCGG	9-GCAGCAGCGCGG	11.001250	-16.164965	0	T:17.0(0.21%),B:8.5(0.02%),P:1e-7	Tpos:10.5,Tstd:2.9,Bpos:9.6,Bstd:1.8,StrandBias:10.0,Multiplicity:1.00
0.001	0.198	0.800	0.001
0.112	0.812	0.075	0.001
0.880	0.007	0.112	0.001
0.001	0.112	0.886	0.001
0.001	0.698	0.300	0.001
0.586	0.301	0.112	0.001
0.001	0.010	0.988	0.001
0.001	0.997	0.001	0.001
0.001	0.001	0.997	0.001
0.134	0.753	0.112	0.001
0.224	0.001	0.774	0.001
0.001	0.112	0.886	0.001
>GCGGCVGCSGSG	10-GCGGCVGCSGSG	10.128363	-13.147457	0	T:46.0(0.56%),B:80.1(0.22%),P:1e-5	Tpos:10.0,Tstd:3.1,Bpos:9.8,Bstd:3.3,StrandBias:10.0,Multiplicity:1.00
0.001	0.001	0.997	0.001
0.359	0.639	0.001	0.001
0.001	0.001	0.997	0.001
0.001	0.001	0.997	0.001
0.166	0.832	0.001	0.001
0.325	0.340	0.334	0.001
0.001	0.001	0.997	0.001
0.257	0.741	0.001	0.001
0.259	0.316	0.424	0.001
0.001	0.247	0.751	0.001
0.189	0.426	0.384	0.001
0.193	0.148	0.658	0.001
