>CRGGRRMM	1-CRGGRRMM	5.304033	-235.228738	0	T:999.0(12.16%),B:1842.4(5.16%),P:1e-102	Tpos:12.8,Tstd:3.2,Bpos:10.4,Bstd:5.0,StrandBias:10.0,Multiplicity:1.01
0.001	0.984	0.014	0.001
0.477	0.001	0.521	0.001
0.009	0.001	0.989	0.001
0.001	0.001	0.997	0.001
0.531	0.001	0.467	0.001
0.377	0.135	0.486	0.001
0.336	0.471	0.193	0.001
0.456	0.499	0.044	0.001
>CCCGGGGV	2-CCCGGGGV	4.562075	-214.589566	0	T:1350.0(16.43%),B:3019.0(8.45%),P:1e-93	Tpos:11.7,Tstd:2.5,Bpos:10.3,Bstd:4.9,StrandBias:10.0,Multiplicity:1.02
0.001	0.997	0.001	0.001
0.001	0.997	0.001	0.001
0.163	0.574	0.262	0.001
0.164	0.122	0.713	0.001
0.262	0.001	0.736	0.001
0.293	0.001	0.705	0.001
0.325	0.025	0.649	0.001
0.289	0.317	0.393	0.001
>MCAGGGCC	3-MCAGGGCC	4.751466	-139.489002	0	T:1116.0(13.58%),B:2708.3(7.58%),P:1e-60	Tpos:11.8,Tstd:3.5,Bpos:10.6,Bstd:5.6,StrandBias:10.0,Multiplicity:1.01
0.361	0.421	0.217	0.001
0.001	0.941	0.057	0.001
0.814	0.001	0.184	0.001
0.172	0.001	0.826	0.001
0.152	0.001	0.846	0.001
0.119	0.231	0.649	0.001
0.154	0.720	0.125	0.001
0.220	0.778	0.001	0.001
>SSAGVAGC	4-SSAGVAGC	6.050767	-116.743192	0	T:498.0(6.06%),B:907.3(2.54%),P:1e-50	Tpos:11.8,Tstd:4.1,Bpos:10.4,Bstd:5.6,StrandBias:10.0,Multiplicity:1.02
0.101	0.398	0.500	0.001
0.001	0.502	0.496	0.001
0.545	0.132	0.322	0.001
0.001	0.001	0.997	0.001
0.295	0.423	0.281	0.001
0.991	0.007	0.001	0.001
0.158	0.169	0.672	0.001
0.190	0.696	0.113	0.001
>CGCGGAGC	5-CGCGGAGC	6.942346	-51.159074	0	T:185.0(2.25%),B:308.5(0.86%),P:1e-22	Tpos:11.6,Tstd:3.1,Bpos:11.0,Bstd:3.9,StrandBias:10.0,Multiplicity:1.00
0.344	0.654	0.001	0.001
0.001	0.001	0.997	0.001
0.001	0.997	0.001	0.001
0.142	0.001	0.856	0.001
0.001	0.081	0.917	0.001
0.724	0.142	0.133	0.001
0.001	0.001	0.997	0.001
0.075	0.923	0.001	0.001
>VAACGGGA	6-VAACGGGA	2.300938	-41.342801	0	T:180.0(2.19%),B:334.1(0.94%),P:1e-17	Tpos:10.5,Tstd:1.6,Bpos:10.9,Bstd:4.2,StrandBias:10.0,Multiplicity:1.00
0.292	0.331	0.376	0.001
0.997	0.001	0.001	0.001
0.997	0.001	0.001	0.001
0.001	0.997	0.001	0.001
0.150	0.259	0.590	0.001
0.299	0.001	0.699	0.001
0.001	0.001	0.997	0.001
0.695	0.001	0.303	0.001
>ACCCGAGG	7-ACCCGAGG	7.286635	-23.266847	0	T:74.0(0.90%),B:117.6(0.33%),P:1e-10	Tpos:10.5,Tstd:1.5,Bpos:11.7,Bstd:6.5,StrandBias:10.0,Multiplicity:1.03
0.805	0.001	0.193	0.001
0.043	0.955	0.001	0.001
0.001	0.976	0.022	0.001
0.047	0.951	0.001	0.001
0.001	0.108	0.890	0.001
0.826	0.172	0.001	0.001
0.047	0.028	0.924	0.001
0.001	0.094	0.904	0.001
>CAGCGARA	8-CAGCGARA	6.421702	-14.755144	0	T:75.0(0.91%),B:156.4(0.44%),P:1e-6	Tpos:11.7,Tstd:3.2,Bpos:11.4,Bstd:4.4,StrandBias:10.0,Multiplicity:1.00
0.001	0.997	0.001	0.001
0.549	0.153	0.297	0.001
0.306	0.001	0.692	0.001
0.111	0.625	0.263	0.001
0.001	0.248	0.750	0.001
0.502	0.332	0.165	0.001
0.317	0.220	0.462	0.001
0.614	0.001	0.384	0.001
>CVGGSGSC	9-CVGGSGSC	6.938127	-12.507824	0	T:119.0(1.45%),B:312.4(0.87%),P:1e-5	Tpos:12.7,Tstd:3.3,Bpos:10.0,Bstd:2.9,StrandBias:10.0,Multiplicity:1.00
0.025	0.620	0.354	0.001
0.265	0.351	0.382	0.001
0.001	0.147	0.851	0.001
0.178	0.217	0.604	0.001
0.157	0.415	0.427	0.001
0.001	0.257	0.741	0.001
0.001	0.488	0.510	0.001
0.001	0.861	0.137	0.001
>CACAGGGG	10-CACAGGGG	8.123756	-9.408568	0	T:30.0(0.37%),B:51.2(0.14%),P:1e-4	Tpos:10.2,Tstd:1.9,Bpos:9.0,Bstd:4.5,StrandBias:10.0,Multiplicity:1.00
0.081	0.728	0.190	0.001
0.997	0.001	0.001	0.001
0.273	0.725	0.001	0.001
0.648	0.203	0.148	0.001
0.001	0.410	0.588	0.001
0.128	0.001	0.870	0.001
0.001	0.001	0.997	0.001
0.034	0.296	0.669	0.001
>CSAGGACA	11-CSAGGACA	7.170331	-7.531148	0	T:39.0(0.47%),B:86.1(0.24%),P:1e-3	Tpos:11.9,Tstd:4.9,Bpos:11.0,Bstd:4.2,StrandBias:10.0,Multiplicity:1.00
0.412	0.586	0.001	0.001
0.254	0.334	0.411	0.001
0.813	0.185	0.001	0.001
0.144	0.039	0.816	0.001
0.310	0.228	0.461	0.001
0.627	0.069	0.303	0.001
0.061	0.937	0.001	0.001
0.839	0.001	0.159	0.001
