>CCCGGGGVCC	1-CCCGGGGVCC	6.211897	-161.962335	0	T:658.0(8.01%),B:1171.0(3.28%),P:1e-70	Tpos:12.5,Tstd:2.3,Bpos:10.4,Bstd:3.7,StrandBias:10.0,Multiplicity:1.02
0.103	0.811	0.085	0.001
0.001	0.816	0.182	0.001
0.125	0.708	0.166	0.001
0.141	0.327	0.531	0.001
0.049	0.001	0.949	0.001
0.249	0.001	0.749	0.001
0.328	0.090	0.581	0.001
0.269	0.324	0.405	0.001
0.174	0.492	0.333	0.001
0.179	0.701	0.119	0.001
>CAGGAGCAGC	2-CAGGAGCAGC	6.256018	-102.266797	0	T:488.0(5.94%),B:942.8(2.64%),P:1e-44	Tpos:12.6,Tstd:3.5,Bpos:10.4,Bstd:4.7,StrandBias:10.0,Multiplicity:1.01
0.008	0.936	0.055	0.001
0.708	0.106	0.185	0.001
0.057	0.032	0.910	0.001
0.025	0.308	0.666	0.001
0.636	0.118	0.245	0.001
0.095	0.218	0.686	0.001
0.219	0.572	0.208	0.001
0.653	0.213	0.133	0.001
0.081	0.197	0.721	0.001
0.047	0.666	0.286	0.001
>CGGGGACCCC	3-CGGGGACCCC	5.515756	-84.106495	0	T:261.0(3.18%),B:391.4(1.10%),P:1e-36	Tpos:14.0,Tstd:2.9,Bpos:10.4,Bstd:3.6,StrandBias:10.0,Multiplicity:1.00
0.001	0.997	0.001	0.001
0.280	0.001	0.718	0.001
0.001	0.001	0.997	0.001
0.069	0.001	0.929	0.001
0.001	0.001	0.997	0.001
0.701	0.235	0.063	0.001
0.091	0.907	0.001	0.001
0.070	0.839	0.090	0.001
0.278	0.675	0.046	0.001
0.001	0.929	0.069	0.001
>ACCCCCGGGG	4-ACCCCCGGGG	7.385267	-55.714129	0	T:184.0(2.24%),B:289.7(0.81%),P:1e-24	Tpos:10.2,Tstd:1.1,Bpos:11.1,Bstd:3.3,StrandBias:10.0,Multiplicity:1.00
0.632	0.152	0.215	0.001
0.001	0.822	0.176	0.001
0.225	0.727	0.047	0.001
0.020	0.883	0.096	0.001
0.001	0.795	0.203	0.001
0.080	0.859	0.060	0.001
0.210	0.134	0.655	0.001
0.289	0.101	0.609	0.001
0.214	0.001	0.784	0.001
0.001	0.045	0.953	0.001
>GACCCCGAGG	5-GACCCCGAGG	9.022431	-42.029469	0	T:46.0(0.56%),B:21.7(0.06%),P:1e-18	Tpos:9.9,Tstd:1.8,Bpos:9.7,Bstd:4.7,StrandBias:10.0,Multiplicity:1.00
0.227	0.289	0.483	0.001
0.997	0.001	0.001	0.001
0.299	0.512	0.188	0.001
0.001	0.997	0.001	0.001
0.001	0.997	0.001	0.001
0.001	0.807	0.191	0.001
0.201	0.001	0.797	0.001
0.997	0.001	0.001	0.001
0.202	0.200	0.597	0.001
0.001	0.001	0.997	0.001
>CAAACCSAGG	6-CAAACCSAGG	8.091892	-40.833781	0	T:59.0(0.72%),B:43.1(0.12%),P:1e-17	Tpos:10.2,Tstd:2.2,Bpos:10.5,Bstd:2.7,StrandBias:10.0,Multiplicity:1.00
0.141	0.744	0.114	0.001
0.781	0.148	0.070	0.001
0.556	0.135	0.308	0.001
0.641	0.244	0.114	0.001
0.208	0.514	0.277	0.001
0.193	0.667	0.139	0.001
0.054	0.473	0.472	0.001
0.769	0.043	0.187	0.001
0.001	0.001	0.997	0.001
0.044	0.028	0.927	0.001
>CCCCGAGGAG	7-CCCCGAGGAG	7.718682	-38.483923	0	T:100.0(1.22%),B:134.9(0.38%),P:1e-16	Tpos:12.0,Tstd:2.1,Bpos:10.7,Bstd:4.2,StrandBias:10.0,Multiplicity:1.00
0.044	0.858	0.097	0.001
0.129	0.641	0.229	0.001
0.197	0.602	0.200	0.001
0.109	0.800	0.090	0.001
0.037	0.093	0.869	0.001
0.776	0.110	0.113	0.001
0.087	0.130	0.782	0.001
0.022	0.053	0.924	0.001
0.840	0.099	0.060	0.001
0.030	0.050	0.919	0.001
>SCAGGGCAGC	8-SCAGGGCAGC	9.819638	-27.634994	0	T:34.0(0.41%),B:20.2(0.06%),P:1e-12	Tpos:11.5,Tstd:3.9,Bpos:10.6,Bstd:2.6,StrandBias:10.0,Multiplicity:1.00
0.132	0.434	0.433	0.001
0.001	0.862	0.136	0.001
0.734	0.264	0.001	0.001
0.405	0.001	0.593	0.001
0.001	0.001	0.997	0.001
0.001	0.283	0.715	0.001
0.001	0.997	0.001	0.001
0.997	0.001	0.001	0.001
0.264	0.001	0.734	0.001
0.001	0.997	0.001	0.001
>SCAGAMCGGG	9-SCAGAMCGGG	9.767113	-26.847510	0	T:42.0(0.51%),B:35.4(0.10%),P:1e-11	Tpos:9.6,Tstd:1.6,Bpos:12.2,Bstd:4.3,StrandBias:10.0,Multiplicity:1.00
0.001	0.558	0.440	0.001
0.001	0.997	0.001	0.001
0.997	0.001	0.001	0.001
0.313	0.209	0.477	0.001
0.663	0.335	0.001	0.001
0.320	0.438	0.241	0.001
0.001	0.997	0.001	0.001
0.001	0.001	0.997	0.001
0.001	0.001	0.997	0.001
0.001	0.001	0.997	0.001
>ACACAGGAAA	10-ACACAGGAAA	5.638282	-23.537726	0	T:24.0(0.29%),B:10.9(0.03%),P:1e-10	Tpos:12.1,Tstd:1.7,Bpos:9.6,Bstd:4.3,StrandBias:10.0,Multiplicity:1.00
0.997	0.001	0.001	0.001
0.001	0.997	0.001	0.001
0.997	0.001	0.001	0.001
0.001	0.997	0.001	0.001
0.663	0.001	0.335	0.001
0.001	0.001	0.997	0.001
0.001	0.001	0.997	0.001
0.640	0.351	0.008	0.001
0.643	0.001	0.355	0.001
0.997	0.001	0.001	0.001
>AGGAAGCGGG	11-AGGAAGCGGG	9.260925	-23.201192	0	T:23.0(0.28%),B:9.9(0.03%),P:1e-10	Tpos:10.1,Tstd:2.4,Bpos:10.2,Bstd:3.6,StrandBias:10.0,Multiplicity:1.00
0.997	0.001	0.001	0.001
0.001	0.001	0.997	0.001
0.138	0.052	0.809	0.001
0.770	0.138	0.091	0.001
0.997	0.001	0.001	0.001
0.138	0.138	0.723	0.001
0.001	0.997	0.001	0.001
0.138	0.001	0.860	0.001
0.001	0.001	0.997	0.001
0.001	0.138	0.860	0.001
>GAGCCGGGGC	12-GAGCCGGGGC	9.710399	-18.769201	0	T:42.0(0.51%),B:52.7(0.15%),P:1e-8	Tpos:11.5,Tstd:2.3,Bpos:10.7,Bstd:2.9,StrandBias:10.0,Multiplicity:1.00
0.092	0.001	0.906	0.001
0.938	0.060	0.001	0.001
0.001	0.001	0.997	0.001
0.044	0.894	0.061	0.001
0.001	0.938	0.060	0.001
0.092	0.001	0.906	0.001
0.001	0.001	0.997	0.001
0.134	0.245	0.620	0.001
0.001	0.142	0.856	0.001
0.060	0.938	0.001	0.001
>AAAAAAAAAA	13-AAAAAAAAAA	11.173981	-3.632670	0	T:4.0(0.05%),B:3.5(0.01%),P:1e-1	Tpos:11.1,Tstd:3.5,Bpos:10.4,Bstd:1.5,StrandBias:10.0,Multiplicity:1.50
0.866	0.132	0.001	0.001
0.928	0.070	0.001	0.001
0.883	0.115	0.001	0.001
0.815	0.183	0.001	0.001
0.815	0.183	0.001	0.001
0.883	0.115	0.001	0.001
0.883	0.115	0.001	0.001
0.946	0.052	0.001	0.001
0.928	0.070	0.001	0.001
0.938	0.060	0.001	0.001
>CCCGGGRSCCSS	1-CCCGGGRSCCSS	6.817018	-73.081623	0	T:506.0(6.16%),B:1151.6(3.22%),P:1e-31	Tpos:12.9,Tstd:2.7,Bpos:10.5,Bstd:3.0,StrandBias:10.0,Multiplicity:1.04
0.080	0.650	0.269	0.001
0.001	0.939	0.059	0.001
0.184	0.716	0.099	0.001
0.231	0.264	0.504	0.001
0.055	0.033	0.911	0.001
0.209	0.035	0.755	0.001
0.379	0.176	0.444	0.001
0.004	0.467	0.528	0.001
0.113	0.613	0.273	0.001
0.226	0.522	0.251	0.001
0.179	0.377	0.443	0.001
0.130	0.402	0.467	0.001
>SCVSCCCCGGGG	2-SCVSCCCCGGGG	8.033469	-33.756482	0	T:138.0(1.68%),B:249.4(0.70%),P:1e-14	Tpos:9.2,Tstd:0.7,Bpos:11.4,Bstd:2.6,StrandBias:10.0,Multiplicity:1.00
0.121	0.421	0.457	0.001
0.146	0.549	0.304	0.001
0.386	0.355	0.258	0.001
0.266	0.433	0.300	0.001
0.207	0.546	0.246	0.001
0.193	0.762	0.044	0.001
0.129	0.826	0.044	0.001
0.048	0.567	0.384	0.001
0.219	0.253	0.527	0.001
0.255	0.126	0.618	0.001
0.069	0.008	0.922	0.001
0.129	0.177	0.693	0.001
>SCCSAGCMGGAG	3-SCCSAGCMGGAG	9.622924	-29.580889	0	T:61.0(0.74%),B:68.2(0.19%),P:1e-12	Tpos:11.0,Tstd:2.5,Bpos:10.8,Bstd:3.4,StrandBias:10.0,Multiplicity:1.02
0.001	0.514	0.484	0.001
0.001	0.924	0.074	0.001
0.001	0.637	0.361	0.001
0.001	0.483	0.515	0.001
0.704	0.222	0.073	0.001
0.001	0.075	0.923	0.001
0.001	0.628	0.370	0.001
0.301	0.437	0.261	0.001
0.135	0.147	0.717	0.001
0.001	0.114	0.884	0.001
0.775	0.223	0.001	0.001
0.001	0.001	0.997	0.001
>AGCAGAACCAGG	4-AGCAGAACCAGG	8.271998	-29.358770	0	T:71.0(0.86%),B:91.9(0.26%),P:1e-12	Tpos:10.0,Tstd:2.6,Bpos:10.3,Bstd:4.0,StrandBias:10.0,Multiplicity:1.00
0.537	0.218	0.244	0.001
0.099	0.120	0.780	0.001
0.060	0.826	0.113	0.001
0.907	0.020	0.072	0.001
0.101	0.079	0.819	0.001
0.521	0.279	0.199	0.001
0.634	0.080	0.285	0.001
0.099	0.687	0.213	0.001
0.053	0.768	0.178	0.001
0.780	0.059	0.160	0.001
0.033	0.020	0.946	0.001
0.060	0.139	0.800	0.001
>GRCGACGAGGAG	5-GRCGACGAGGAG	9.256454	-27.436043	0	T:42.0(0.51%),B:34.9(0.10%),P:1e-11	Tpos:11.2,Tstd:2.1,Bpos:10.4,Bstd:3.1,StrandBias:10.0,Multiplicity:1.00
0.032	0.196	0.771	0.001
0.456	0.194	0.349	0.001
0.097	0.748	0.154	0.001
0.101	0.194	0.704	0.001
0.478	0.293	0.228	0.001
0.064	0.837	0.098	0.001
0.032	0.064	0.903	0.001
0.651	0.282	0.066	0.001
0.001	0.193	0.805	0.001
0.064	0.065	0.870	0.001
0.753	0.032	0.214	0.001
0.001	0.063	0.935	0.001
>MGCRGGGCCSVS	6-MGCRGGGCCSVS	9.262135	-26.334644	0	T:72.0(0.88%),B:102.2(0.29%),P:1e-11	Tpos:13.3,Tstd:2.2,Bpos:10.1,Bstd:2.4,StrandBias:10.0,Multiplicity:1.00
0.404	0.546	0.049	0.001
0.023	0.001	0.975	0.001
0.001	0.997	0.001	0.001
0.426	0.047	0.526	0.001
0.144	0.001	0.854	0.001
0.001	0.001	0.997	0.001
0.001	0.071	0.927	0.001
0.168	0.640	0.191	0.001
0.161	0.607	0.231	0.001
0.241	0.402	0.356	0.001
0.338	0.340	0.321	0.001
0.147	0.483	0.369	0.001
>CACMCAGGCGAG	7-CACMCAGGCGAG	12.051906	-23.477226	0	T:14.0(0.17%),B:0.8(0.00%),P:1e-10	Tpos:11.7,Tstd:1.1,Bpos:13.0,Bstd:0.0,StrandBias:10.0,Multiplicity:1.00
0.001	0.997	0.001	0.001
0.997	0.001	0.001	0.001
0.001	0.818	0.180	0.001
0.458	0.361	0.180	0.001
0.001	0.997	0.001	0.001
0.734	0.180	0.085	0.001
0.001	0.001	0.997	0.001
0.001	0.001	0.997	0.001
0.001	0.818	0.180	0.001
0.001	0.001	0.997	0.001
0.638	0.001	0.360	0.001
0.372	0.001	0.626	0.001
>CCVSGGGGAGCC	8-CCVSGGGGAGCC	8.264068	-22.306895	0	T:126.0(1.53%),B:269.7(0.76%),P:1e-9	Tpos:12.9,Tstd:2.6,Bpos:10.4,Bstd:3.5,StrandBias:10.0,Multiplicity:1.00
0.104	0.564	0.331	0.001
0.103	0.895	0.001	0.001
0.288	0.309	0.402	0.001
0.001	0.528	0.470	0.001
0.104	0.105	0.790	0.001
0.001	0.344	0.654	0.001
0.055	0.204	0.740	0.001
0.168	0.245	0.586	0.001
0.873	0.125	0.001	0.001
0.001	0.001	0.997	0.001
0.205	0.533	0.261	0.001
0.148	0.774	0.077	0.001
>GCAGCAGCGCGG	9-GCAGCAGCGCGG	11.001250	-16.164965	0	T:17.0(0.21%),B:8.5(0.02%),P:1e-7	Tpos:10.5,Tstd:2.9,Bpos:9.6,Bstd:1.8,StrandBias:10.0,Multiplicity:1.00
0.001	0.198	0.800	0.001
0.112	0.812	0.075	0.001
0.880	0.007	0.112	0.001
0.001	0.112	0.886	0.001
0.001	0.698	0.300	0.001
0.586	0.301	0.112	0.001
0.001	0.010	0.988	0.001
0.001	0.997	0.001	0.001
0.001	0.001	0.997	0.001
0.134	0.753	0.112	0.001
0.224	0.001	0.774	0.001
0.001	0.112	0.886	0.001
>GCGGCVGCSGSG	10-GCGGCVGCSGSG	10.128363	-13.147457	0	T:46.0(0.56%),B:80.1(0.22%),P:1e-5	Tpos:10.0,Tstd:3.1,Bpos:9.8,Bstd:3.3,StrandBias:10.0,Multiplicity:1.00
0.001	0.001	0.997	0.001
0.359	0.639	0.001	0.001
0.001	0.001	0.997	0.001
0.001	0.001	0.997	0.001
0.166	0.832	0.001	0.001
0.325	0.340	0.334	0.001
0.001	0.001	0.997	0.001
0.257	0.741	0.001	0.001
0.259	0.316	0.424	0.001
0.001	0.247	0.751	0.001
0.189	0.426	0.384	0.001
0.193	0.148	0.658	0.001
>CRGGRRMM	1-CRGGRRMM	5.304033	-235.228738	0	T:999.0(12.16%),B:1842.4(5.16%),P:1e-102	Tpos:12.8,Tstd:3.2,Bpos:10.4,Bstd:5.0,StrandBias:10.0,Multiplicity:1.01
0.001	0.984	0.014	0.001
0.477	0.001	0.521	0.001
0.009	0.001	0.989	0.001
0.001	0.001	0.997	0.001
0.531	0.001	0.467	0.001
0.377	0.135	0.486	0.001
0.336	0.471	0.193	0.001
0.456	0.499	0.044	0.001
>CCCGGGGV	2-CCCGGGGV	4.562075	-214.589566	0	T:1350.0(16.43%),B:3019.0(8.45%),P:1e-93	Tpos:11.7,Tstd:2.5,Bpos:10.3,Bstd:4.9,StrandBias:10.0,Multiplicity:1.02
0.001	0.997	0.001	0.001
0.001	0.997	0.001	0.001
0.163	0.574	0.262	0.001
0.164	0.122	0.713	0.001
0.262	0.001	0.736	0.001
0.293	0.001	0.705	0.001
0.325	0.025	0.649	0.001
0.289	0.317	0.393	0.001
>MCAGGGCC	3-MCAGGGCC	4.751466	-139.489002	0	T:1116.0(13.58%),B:2708.3(7.58%),P:1e-60	Tpos:11.8,Tstd:3.5,Bpos:10.6,Bstd:5.6,StrandBias:10.0,Multiplicity:1.01
0.361	0.421	0.217	0.001
0.001	0.941	0.057	0.001
0.814	0.001	0.184	0.001
0.172	0.001	0.826	0.001
0.152	0.001	0.846	0.001
0.119	0.231	0.649	0.001
0.154	0.720	0.125	0.001
0.220	0.778	0.001	0.001
>SSAGVAGC	4-SSAGVAGC	6.050767	-116.743192	0	T:498.0(6.06%),B:907.3(2.54%),P:1e-50	Tpos:11.8,Tstd:4.1,Bpos:10.4,Bstd:5.6,StrandBias:10.0,Multiplicity:1.02
0.101	0.398	0.500	0.001
0.001	0.502	0.496	0.001
0.545	0.132	0.322	0.001
0.001	0.001	0.997	0.001
0.295	0.423	0.281	0.001
0.991	0.007	0.001	0.001
0.158	0.169	0.672	0.001
0.190	0.696	0.113	0.001
>CGCGGAGC	5-CGCGGAGC	6.942346	-51.159074	0	T:185.0(2.25%),B:308.5(0.86%),P:1e-22	Tpos:11.6,Tstd:3.1,Bpos:11.0,Bstd:3.9,StrandBias:10.0,Multiplicity:1.00
0.344	0.654	0.001	0.001
0.001	0.001	0.997	0.001
0.001	0.997	0.001	0.001
0.142	0.001	0.856	0.001
0.001	0.081	0.917	0.001
0.724	0.142	0.133	0.001
0.001	0.001	0.997	0.001
0.075	0.923	0.001	0.001
>VAACGGGA	6-VAACGGGA	2.300938	-41.342801	0	T:180.0(2.19%),B:334.1(0.94%),P:1e-17	Tpos:10.5,Tstd:1.6,Bpos:10.9,Bstd:4.2,StrandBias:10.0,Multiplicity:1.00
0.292	0.331	0.376	0.001
0.997	0.001	0.001	0.001
0.997	0.001	0.001	0.001
0.001	0.997	0.001	0.001
0.150	0.259	0.590	0.001
0.299	0.001	0.699	0.001
0.001	0.001	0.997	0.001
0.695	0.001	0.303	0.001
>ACCCGAGG	7-ACCCGAGG	7.286635	-23.266847	0	T:74.0(0.90%),B:117.6(0.33%),P:1e-10	Tpos:10.5,Tstd:1.5,Bpos:11.7,Bstd:6.5,StrandBias:10.0,Multiplicity:1.03
0.805	0.001	0.193	0.001
0.043	0.955	0.001	0.001
0.001	0.976	0.022	0.001
0.047	0.951	0.001	0.001
0.001	0.108	0.890	0.001
0.826	0.172	0.001	0.001
0.047	0.028	0.924	0.001
0.001	0.094	0.904	0.001
>CAGCGARA	8-CAGCGARA	6.421702	-14.755144	0	T:75.0(0.91%),B:156.4(0.44%),P:1e-6	Tpos:11.7,Tstd:3.2,Bpos:11.4,Bstd:4.4,StrandBias:10.0,Multiplicity:1.00
0.001	0.997	0.001	0.001
0.549	0.153	0.297	0.001
0.306	0.001	0.692	0.001
0.111	0.625	0.263	0.001
0.001	0.248	0.750	0.001
0.502	0.332	0.165	0.001
0.317	0.220	0.462	0.001
0.614	0.001	0.384	0.001
>CVGGSGSC	9-CVGGSGSC	6.938127	-12.507824	0	T:119.0(1.45%),B:312.4(0.87%),P:1e-5	Tpos:12.7,Tstd:3.3,Bpos:10.0,Bstd:2.9,StrandBias:10.0,Multiplicity:1.00
0.025	0.620	0.354	0.001
0.265	0.351	0.382	0.001
0.001	0.147	0.851	0.001
0.178	0.217	0.604	0.001
0.157	0.415	0.427	0.001
0.001	0.257	0.741	0.001
0.001	0.488	0.510	0.001
0.001	0.861	0.137	0.001
>CACAGGGG	10-CACAGGGG	8.123756	-9.408568	0	T:30.0(0.37%),B:51.2(0.14%),P:1e-4	Tpos:10.2,Tstd:1.9,Bpos:9.0,Bstd:4.5,StrandBias:10.0,Multiplicity:1.00
0.081	0.728	0.190	0.001
0.997	0.001	0.001	0.001
0.273	0.725	0.001	0.001
0.648	0.203	0.148	0.001
0.001	0.410	0.588	0.001
0.128	0.001	0.870	0.001
0.001	0.001	0.997	0.001
0.034	0.296	0.669	0.001
>CSAGGACA	11-CSAGGACA	7.170331	-7.531148	0	T:39.0(0.47%),B:86.1(0.24%),P:1e-3	Tpos:11.9,Tstd:4.9,Bpos:11.0,Bstd:4.2,StrandBias:10.0,Multiplicity:1.00
0.412	0.586	0.001	0.001
0.254	0.334	0.411	0.001
0.813	0.185	0.001	0.001
0.144	0.039	0.816	0.001
0.310	0.228	0.461	0.001
0.627	0.069	0.303	0.001
0.061	0.937	0.001	0.001
0.839	0.001	0.159	0.001
