>CCCGGGRSCCSS	1-CCCGGGRSCCSS	6.817018	-73.081623	0	T:506.0(6.16%),B:1151.6(3.22%),P:1e-31
0.080	0.650	0.269	0.001
0.001	0.939	0.059	0.001
0.184	0.716	0.099	0.001
0.231	0.264	0.504	0.001
0.055	0.033	0.911	0.001
0.209	0.035	0.755	0.001
0.379	0.176	0.444	0.001
0.004	0.467	0.528	0.001
0.113	0.613	0.273	0.001
0.226	0.522	0.251	0.001
0.179	0.377	0.443	0.001
0.130	0.402	0.467	0.001
