>SCVSCCCCGGGG	2-SCVSCCCCGGGG	8.033469	-33.756482	0	T:138.0(1.68%),B:249.4(0.70%),P:1e-14
0.121	0.421	0.457	0.001
0.146	0.549	0.304	0.001
0.386	0.355	0.258	0.001
0.266	0.433	0.300	0.001
0.207	0.546	0.246	0.001
0.193	0.762	0.044	0.001
0.129	0.826	0.044	0.001
0.048	0.567	0.384	0.001
0.219	0.253	0.527	0.001
0.255	0.126	0.618	0.001
0.069	0.008	0.922	0.001
0.129	0.177	0.693	0.001
