>GRCGACGAGGAG	5-GRCGACGAGGAG	9.256454	-27.436043	0	T:42.0(0.51%),B:34.9(0.10%),P:1e-11
0.032	0.196	0.771	0.001
0.456	0.194	0.349	0.001
0.097	0.748	0.154	0.001
0.101	0.194	0.704	0.001
0.478	0.293	0.228	0.001
0.064	0.837	0.098	0.001
0.032	0.064	0.903	0.001
0.651	0.282	0.066	0.001
0.001	0.193	0.805	0.001
0.064	0.065	0.870	0.001
0.753	0.032	0.214	0.001
0.001	0.063	0.935	0.001
