>CAATTATT	1-CAATTATT	5.832441	-17334.743093	0	T:16267.0(14.81%),B:5993.7(1.17%),P:1e-7528	Tpos:15.9,Tstd:1.1,Bpos:10.4,Bstd:6.4,StrandBias:10.0,Multiplicity:1.00
0.072	0.677	0.130	0.121
0.953	0.009	0.001	0.037
0.997	0.001	0.001	0.001
0.001	0.001	0.001	0.997
0.001	0.102	0.001	0.896
0.991	0.001	0.007	0.001
0.001	0.001	0.001	0.997
0.001	0.001	0.027	0.971
>CAATTATK	2-CAATTATK	6.416193	-14857.179113	0	T:17737.0(16.15%),B:10880.7(2.12%),P:1e-6452	Tpos:15.3,Tstd:2.4,Bpos:10.5,Bstd:6.2,StrandBias:10.0,Multiplicity:1.00
0.124	0.445	0.199	0.232
0.617	0.001	0.035	0.347
0.853	0.001	0.001	0.145
0.001	0.001	0.010	0.988
0.009	0.353	0.035	0.603
0.798	0.011	0.176	0.015
0.001	0.110	0.001	0.888
0.009	0.057	0.506	0.428
>TTGCACAA	3-TTGCACAA	5.119735	-10229.366114	0	T:8910.0(8.11%),B:2498.1(0.49%),P:1e-4442	Tpos:11.9,Tstd:0.8,Bpos:10.3,Bstd:5.5,StrandBias:10.0,Multiplicity:1.00
0.001	0.001	0.001	0.997
0.001	0.001	0.001	0.997
0.001	0.001	0.925	0.073
0.001	0.997	0.001	0.001
0.915	0.014	0.035	0.036
0.046	0.703	0.001	0.250
0.798	0.200	0.001	0.001
0.997	0.001	0.001	0.001
>TGTTTACT	4-TGTTTACT	6.821362	-6363.303025	0	T:5078.0(4.62%),B:1013.2(0.20%),P:1e-2763	Tpos:9.0,Tstd:0.6,Bpos:10.7,Bstd:4.8,StrandBias:10.0,Multiplicity:1.00
0.001	0.001	0.001	0.997
0.015	0.001	0.983	0.001
0.001	0.001	0.001	0.997
0.001	0.001	0.002	0.996
0.001	0.001	0.015	0.983
0.726	0.006	0.253	0.015
0.001	0.997	0.001	0.001
0.229	0.058	0.001	0.712
>CCTTTGTC	5-CCTTTGTC	7.143325	-4843.144606	0	T:5499.0(5.01%),B:2839.2(0.55%),P:1e-2103	Tpos:5.2,Tstd:1.4,Bpos:10.7,Bstd:5.8,StrandBias:10.0,Multiplicity:1.00
0.001	0.452	0.298	0.249
0.015	0.952	0.001	0.032
0.404	0.001	0.001	0.594
0.001	0.001	0.001	0.997
0.001	0.015	0.001	0.983
0.001	0.001	0.997	0.001
0.001	0.001	0.001	0.997
0.001	0.791	0.001	0.207
>CAGGAAGT	6-CAGGAAGT	5.893344	-3844.471416	0	T:3673.0(3.34%),B:1277.8(0.25%),P:1e-1669	Tpos:11.0,Tstd:0.9,Bpos:10.4,Bstd:4.9,StrandBias:10.0,Multiplicity:1.00
0.021	0.891	0.087	0.001
0.752	0.246	0.001	0.001
0.001	0.001	0.997	0.001
0.001	0.001	0.997	0.001
0.997	0.001	0.001	0.001
0.997	0.001	0.001	0.001
0.029	0.001	0.969	0.001
0.046	0.072	0.001	0.881
>TRTTTACT	7-TRTTTACT	6.378410	-3662.157261	0	T:5487.0(4.99%),B:4408.2(0.86%),P:1e-1590	Tpos:9.1,Tstd:2.1,Bpos:10.5,Bstd:4.8,StrandBias:10.0,Multiplicity:1.00
0.001	0.067	0.001	0.931
0.472	0.001	0.496	0.031
0.026	0.001	0.079	0.894
0.001	0.001	0.057	0.941
0.001	0.001	0.380	0.618
0.518	0.058	0.126	0.298
0.001	0.997	0.001	0.001
0.126	0.031	0.001	0.842
>AAGATGGC	8-AAGATGGC	6.353762	-3284.786991	0	T:2732.0(2.49%),B:621.1(0.12%),P:1e-1426	Tpos:12.9,Tstd:1.0,Bpos:10.3,Bstd:4.1,StrandBias:10.0,Multiplicity:1.00
0.993	0.001	0.005	0.001
0.994	0.001	0.004	0.001
0.333	0.133	0.514	0.020
0.997	0.001	0.001	0.001
0.001	0.001	0.001	0.997
0.001	0.001	0.997	0.001
0.001	0.001	0.997	0.001
0.034	0.938	0.001	0.027
>GGRTHYCC	9-GGRTHYCC	5.536595	-3046.592440	0	T:5147.0(4.69%),B:4797.7(0.93%),P:1e-1323	Tpos:7.0,Tstd:1.8,Bpos:10.4,Bstd:4.5,StrandBias:10.0,Multiplicity:1.00
0.014	0.001	0.971	0.014
0.175	0.001	0.803	0.021
0.333	0.004	0.443	0.220
0.140	0.057	0.321	0.482
0.256	0.325	0.118	0.302
0.055	0.504	0.019	0.422
0.029	0.846	0.016	0.109
0.002	0.990	0.002	0.006
>AGGTCACC	10-AGGTCACC	5.041448	-653.550088	0	T:1481.0(1.35%),B:1839.3(0.36%),P:1e-283	Tpos:6.0,Tstd:2.8,Bpos:10.5,Bstd:4.9,StrandBias:10.0,Multiplicity:1.00
0.904	0.001	0.094	0.001
0.001	0.001	0.988	0.010
0.001	0.001	0.997	0.001
0.001	0.001	0.014	0.984
0.001	0.987	0.011	0.001
0.992	0.001	0.006	0.001
0.010	0.834	0.135	0.021
0.196	0.589	0.110	0.105
