>CAATTATT	1-CAATTATT	5.683387	-17405.219584	0	T:16555.0(15.07%),B:6321.8(1.23%),P:1e-7558	Tpos:15.8,Tstd:1.2,Bpos:10.5,Bstd:6.4,StrandBias:10.0,Multiplicity:1.00
0.071	0.681	0.124	0.124
0.956	0.008	0.001	0.035
0.997	0.001	0.001	0.001
0.001	0.001	0.001	0.997
0.001	0.104	0.001	0.894
0.990	0.001	0.008	0.001
0.001	0.001	0.001	0.997
0.001	0.001	0.026	0.972
>TTGCACAA	2-TTGCACAA	4.623902	-10347.566434	0	T:9420.0(8.58%),B:3016.8(0.59%),P:1e-4493	Tpos:11.9,Tstd:0.9,Bpos:10.3,Bstd:5.4,StrandBias:10.0,Multiplicity:1.00
0.001	0.001	0.001	0.997
0.001	0.001	0.001	0.997
0.001	0.001	0.926	0.072
0.001	0.997	0.001	0.001
0.917	0.013	0.039	0.031
0.046	0.707	0.001	0.246
0.795	0.203	0.001	0.001
0.994	0.001	0.004	0.001
>TGTTTACT	3-TGTTTACT	6.886621	-6396.299111	0	T:5078.0(4.62%),B:992.4(0.19%),P:1e-2777	Tpos:9.0,Tstd:0.6,Bpos:10.5,Bstd:4.7,StrandBias:10.0,Multiplicity:1.00
0.001	0.001	0.001	0.997
0.013	0.001	0.985	0.001
0.001	0.001	0.001	0.997
0.001	0.001	0.002	0.996
0.001	0.001	0.013	0.985
0.718	0.005	0.260	0.017
0.001	0.997	0.001	0.001
0.228	0.060	0.001	0.711
>CCTTTGTC	4-CCTTTGTC	7.072063	-4895.184644	0	T:5499.0(5.01%),B:2780.5(0.54%),P:1e-2125	Tpos:5.2,Tstd:1.4,Bpos:10.4,Bstd:5.7,StrandBias:10.0,Multiplicity:1.00
0.001	0.462	0.302	0.235
0.018	0.959	0.001	0.022
0.380	0.001	0.001	0.618
0.001	0.001	0.001	0.997
0.001	0.017	0.001	0.981
0.001	0.001	0.997	0.001
0.001	0.001	0.001	0.997
0.001	0.782	0.001	0.216
>CAGGAAGT	5-CAGGAAGT	5.950982	-3886.175149	0	T:3673.0(3.34%),B:1241.8(0.24%),P:1e-1687	Tpos:11.0,Tstd:0.9,Bpos:10.2,Bstd:4.9,StrandBias:10.0,Multiplicity:1.00
0.019	0.900	0.080	0.001
0.755	0.243	0.001	0.001
0.001	0.001	0.997	0.001
0.001	0.001	0.997	0.001
0.997	0.001	0.001	0.001
0.997	0.001	0.001	0.001
0.031	0.001	0.967	0.001
0.043	0.081	0.001	0.875
>AAGATGGC	6-AAGATGGC	6.448014	-3282.789472	0	T:2732.0(2.49%),B:622.5(0.12%),P:1e-1425	Tpos:12.9,Tstd:1.0,Bpos:10.3,Bstd:3.9,StrandBias:10.0,Multiplicity:1.00
0.994	0.001	0.004	0.001
0.997	0.001	0.001	0.001
0.328	0.135	0.515	0.022
0.997	0.001	0.001	0.001
0.001	0.001	0.001	0.997
0.001	0.001	0.997	0.001
0.001	0.001	0.997	0.001
0.037	0.932	0.001	0.030
>GGGWMYCC	7-GGGWMYCC	6.384864	-3223.503017	0	T:4215.0(3.84%),B:2759.2(0.54%),P:1e-1399	Tpos:6.8,Tstd:1.6,Bpos:10.5,Bstd:4.5,StrandBias:10.0,Multiplicity:1.00
0.001	0.001	0.997	0.001
0.001	0.001	0.997	0.001
0.311	0.001	0.646	0.042
0.366	0.001	0.231	0.402
0.381	0.367	0.058	0.194
0.001	0.510	0.001	0.488
0.001	0.847	0.001	0.151
0.001	0.997	0.001	0.001
>GRRGTCCC	8-GRRGTCCC	7.034102	-2515.409176	0	T:2909.0(2.65%),B:1530.9(0.30%),P:1e-1092	Tpos:7.8,Tstd:2.4,Bpos:10.6,Bstd:4.4,StrandBias:10.0,Multiplicity:1.00
0.001	0.001	0.997	0.001
0.467	0.001	0.531	0.001
0.496	0.001	0.502	0.001
0.007	0.001	0.583	0.409
0.001	0.216	0.001	0.782
0.001	0.705	0.061	0.233
0.001	0.997	0.001	0.001
0.001	0.997	0.001	0.001
>AGGTCACC	9-AGGTCACC	5.563827	-684.572954	0	T:1354.0(1.23%),B:1477.4(0.29%),P:1e-297	Tpos:5.9,Tstd:2.6,Bpos:10.2,Bstd:5.0,StrandBias:10.0,Multiplicity:1.00
0.896	0.001	0.102	0.001
0.001	0.001	0.997	0.001
0.001	0.001	0.992	0.006
0.001	0.001	0.014	0.984
0.001	0.983	0.015	0.001
0.994	0.001	0.001	0.004
0.017	0.815	0.141	0.027
0.173	0.607	0.129	0.091
>TGTTGACW	10-TGTTGACW	8.271189	-200.735435	0	T:486.0(0.44%),B:642.5(0.13%),P:1e-87	Tpos:9.1,Tstd:1.3,Bpos:10.4,Bstd:5.3,StrandBias:10.0,Multiplicity:1.00
0.027	0.065	0.077	0.831
0.027	0.001	0.971	0.001
0.082	0.047	0.038	0.833
0.001	0.027	0.055	0.917
0.101	0.028	0.869	0.002
0.575	0.110	0.268	0.047
0.001	0.971	0.001	0.027
0.428	0.004	0.027	0.541
