MEME version 5.4.1 (Sat Aug 21 19:23:23 2021 -0700)

ALPHABET= ACGT

strands: + -

Background letter frequencies (from uniform background):
A 0.25000 C 0.25000 G 0.25000 T 0.25000 

MOTIF 1 NNNNNNNRTTDCAYMAYNNNN

letter-probability matrix: alength= 4 w= 21 nsites= 66 E= 0
  0.287879	  0.257576	  0.242424	  0.212121	
  0.257576	  0.136364	  0.257576	  0.348485	
  0.212121	  0.393939	  0.242424	  0.151515	
  0.227273	  0.257576	  0.227273	  0.287879	
  0.181818	  0.378788	  0.227273	  0.212121	
  0.212121	  0.272727	  0.303030	  0.212121	
  0.212121	  0.136364	  0.363636	  0.287879	
  0.636364	  0.045455	  0.242424	  0.075758	
  0.045455	  0.030303	  0.060606	  0.863636	
  0.015152	  0.075758	  0.015152	  0.893939	
  0.166667	  0.060606	  0.560606	  0.212121	
  0.075758	  0.818182	  0.030303	  0.075758	
  0.712121	  0.075758	  0.060606	  0.151515	
  0.060606	  0.484848	  0.075758	  0.378788	
  0.530303	  0.409091	  0.030303	  0.030303	
  0.818182	  0.045455	  0.060606	  0.075758	
  0.015152	  0.363636	  0.121212	  0.500000	
  0.181818	  0.318182	  0.287879	  0.212121	
  0.242424	  0.257576	  0.227273	  0.272727	
  0.287879	  0.227273	  0.272727	  0.212121	
  0.212121	  0.287879	  0.333333	  0.166667	

MOTIF 2 NKNHHDNKVDKYRDHVKDNBH

letter-probability matrix: alength= 4 w= 21 nsites= 13 E= 0
  0.230769	  0.153846	  0.461538	  0.153846	
  0.153846	  0.000000	  0.384615	  0.461538	
  0.230769	  0.307692	  0.230769	  0.230769	
  0.230769	  0.153846	  0.076923	  0.538462	
  0.307692	  0.461538	  0.076923	  0.153846	
  0.538462	  0.076923	  0.153846	  0.230769	
  0.230769	  0.307692	  0.230769	  0.230769	
  0.076923	  0.076923	  0.615385	  0.230769	
  0.384615	  0.153846	  0.384615	  0.076923	
  0.384615	  0.076923	  0.230769	  0.307692	
  0.153846	  0.000000	  0.307692	  0.538462	
  0.076923	  0.230769	  0.000000	  0.692308	
  0.230769	  0.153846	  0.615385	  0.000000	
  0.384615	  0.076923	  0.384615	  0.153846	
  0.230769	  0.538462	  0.076923	  0.153846	
  0.384615	  0.384615	  0.230769	  0.000000	
  0.076923	  0.076923	  0.230769	  0.615385	
  0.615385	  0.076923	  0.153846	  0.153846	
  0.153846	  0.153846	  0.230769	  0.461538	
  0.076923	  0.153846	  0.461538	  0.307692	
  0.230769	  0.153846	  0.076923	  0.538462	

MOTIF 3 GGGGRWYYCCCKBDHDBNNBN

letter-probability matrix: alength= 4 w= 21 nsites= 13 E= 0
  0.153846	  0.076923	  0.769231	  0.000000	
  0.000000	  0.000000	  0.923077	  0.076923	
  0.076923	  0.076923	  0.769231	  0.076923	
  0.076923	  0.076923	  0.846154	  0.000000	
  0.615385	  0.000000	  0.307692	  0.076923	
  0.384615	  0.000000	  0.076923	  0.538462	
  0.000000	  0.461538	  0.153846	  0.384615	
  0.000000	  0.692308	  0.000000	  0.307692	
  0.000000	  0.846154	  0.076923	  0.076923	
  0.230769	  0.769231	  0.000000	  0.000000	
  0.153846	  0.692308	  0.000000	  0.153846	
  0.076923	  0.076923	  0.538462	  0.307692	
  0.076923	  0.230769	  0.461538	  0.230769	
  0.230769	  0.076923	  0.461538	  0.230769	
  0.153846	  0.461538	  0.076923	  0.307692	
  0.307692	  0.000000	  0.307692	  0.384615	
  0.076923	  0.538462	  0.230769	  0.153846	
  0.384615	  0.307692	  0.153846	  0.153846	
  0.153846	  0.307692	  0.230769	  0.307692	
  0.076923	  0.384615	  0.230769	  0.307692	
  0.153846	  0.384615	  0.307692	  0.153846	

MOTIF 4 DRGGTCAMHVWGDCMHNNNNN

letter-probability matrix: alength= 4 w= 21 nsites= 15 E= 0
  0.400000	  0.066667	  0.333333	  0.200000	
  0.533333	  0.000000	  0.333333	  0.133333	
  0.133333	  0.000000	  0.866667	  0.000000	
  0.133333	  0.133333	  0.733333	  0.000000	
  0.133333	  0.000000	  0.066667	  0.800000	
  0.000000	  0.933333	  0.000000	  0.066667	
  0.866667	  0.000000	  0.000000	  0.133333	
  0.200000	  0.600000	  0.066667	  0.133333	
  0.400000	  0.266667	  0.066667	  0.266667	
  0.266667	  0.333333	  0.400000	  0.000000	
  0.266667	  0.000000	  0.133333	  0.600000	
  0.133333	  0.000000	  0.866667	  0.000000	
  0.266667	  0.066667	  0.400000	  0.266667	
  0.066667	  0.800000	  0.066667	  0.066667	
  0.266667	  0.600000	  0.000000	  0.133333	
  0.200000	  0.333333	  0.066667	  0.400000	
  0.333333	  0.133333	  0.266667	  0.266667	
  0.133333	  0.200000	  0.333333	  0.333333	
  0.400000	  0.200000	  0.133333	  0.266667	
  0.266667	  0.266667	  0.266667	  0.200000	
  0.133333	  0.200000	  0.200000	  0.466667	

MOTIF 5 NNNNNNNNNVNNDWBNNNNNN

letter-probability matrix: alength= 4 w= 21 nsites= 53 E= 0
  0.283019	  0.358491	  0.188679	  0.169811	
  0.245283	  0.283019	  0.264151	  0.207547	
  0.264151	  0.188679	  0.245283	  0.301887	
  0.226415	  0.301887	  0.264151	  0.207547	
  0.320755	  0.283019	  0.226415	  0.169811	
  0.207547	  0.245283	  0.264151	  0.283019	
  0.207547	  0.283019	  0.245283	  0.264151	
  0.188679	  0.301887	  0.169811	  0.339623	
  0.150943	  0.264151	  0.188679	  0.396226	
  0.320755	  0.396226	  0.226415	  0.056604	
  0.188679	  0.283019	  0.283019	  0.245283	
  0.415094	  0.245283	  0.207547	  0.132075	
  0.377358	  0.094340	  0.226415	  0.301887	
  0.452830	  0.113208	  0.113208	  0.320755	
  0.113208	  0.169811	  0.264151	  0.452830	
  0.226415	  0.207547	  0.377358	  0.188679	
  0.245283	  0.320755	  0.245283	  0.188679	
  0.396226	  0.207547	  0.245283	  0.150943	
  0.320755	  0.264151	  0.283019	  0.132075	
  0.339623	  0.169811	  0.188679	  0.301887	
  0.169811	  0.169811	  0.339623	  0.320755	

MOTIF 6 HBMYWKYDNSCTTWGTWBBCH

letter-probability matrix: alength= 4 w= 21 nsites= 12 E= 0
  0.166667	  0.166667	  0.083333	  0.583333	
  0.000000	  0.250000	  0.416667	  0.333333	
  0.666667	  0.250000	  0.083333	  0.000000	
  0.083333	  0.250000	  0.000000	  0.666667	
  0.416667	  0.000000	  0.166667	  0.416667	
  0.000000	  0.166667	  0.250000	  0.583333	
  0.083333	  0.250000	  0.083333	  0.583333	
  0.333333	  0.000000	  0.416667	  0.250000	
  0.166667	  0.166667	  0.416667	  0.250000	
  0.083333	  0.666667	  0.250000	  0.000000	
  0.166667	  0.666667	  0.000000	  0.166667	
  0.166667	  0.000000	  0.083333	  0.750000	
  0.083333	  0.000000	  0.166667	  0.750000	
  0.250000	  0.000000	  0.166667	  0.583333	
  0.083333	  0.083333	  0.666667	  0.166667	
  0.083333	  0.083333	  0.166667	  0.666667	
  0.250000	  0.166667	  0.000000	  0.583333	
  0.083333	  0.583333	  0.166667	  0.166667	
  0.083333	  0.250000	  0.333333	  0.333333	
  0.166667	  0.666667	  0.083333	  0.083333	
  0.416667	  0.333333	  0.083333	  0.166667	

