>NNNCAATTATT	1-NNNCAATTATT	6.473141	-18341.914773	0	T:15833.0(14.41%),B:4611.1(0.90%),P:1e-7965	Tpos:14.0,Tstd:0.5,Bpos:10.0,Bstd:5.0,StrandBias:10.0,Multiplicity:1.00
0.248	0.265	0.260	0.226
0.246	0.259	0.258	0.237
0.241	0.255	0.277	0.226
0.084	0.624	0.142	0.150
0.914	0.025	0.009	0.052
0.976	0.009	0.009	0.006
0.009	0.015	0.012	0.964
0.018	0.130	0.005	0.847
0.968	0.008	0.017	0.007
0.022	0.009	0.006	0.963
0.007	0.006	0.039	0.948
>KATTGCACAAT	2-KATTGCACAAT	7.367144	-13171.909558	0	T:9573.0(8.71%),B:1327.4(0.26%),P:1e-5720	Tpos:11.0,Tstd:0.4,Bpos:9.9,Bstd:4.5,StrandBias:10.0,Multiplicity:1.00
0.140	0.155	0.345	0.359
0.506	0.141	0.352	0.001
0.001	0.001	0.001	0.997
0.001	0.001	0.001	0.997
0.051	0.001	0.640	0.308
0.001	0.997	0.001	0.001
0.563	0.125	0.156	0.156
0.168	0.497	0.001	0.333
0.596	0.402	0.001	0.001
0.997	0.001	0.001	0.001
0.001	0.384	0.011	0.604
>TGTTTACHCAG	3-TGTTTACHCAG	6.956712	-8293.713778	0	T:6390.0(5.82%),B:1119.2(0.22%),P:1e-3601	Tpos:10.0,Tstd:0.4,Bpos:10.1,Bstd:3.7,StrandBias:10.0,Multiplicity:1.00
0.096	0.006	0.006	0.892
0.093	0.011	0.877	0.019
0.001	0.025	0.025	0.949
0.013	0.030	0.120	0.837
0.016	0.038	0.200	0.746
0.533	0.067	0.340	0.060
0.035	0.869	0.006	0.090
0.334	0.316	0.051	0.299
0.096	0.458	0.169	0.277
0.570	0.011	0.087	0.332
0.166	0.222	0.415	0.197
>GGGGATYYYCN	4-GGGGATYYYCN	8.579169	-7121.833151	0	T:4661.0(4.24%),B:291.1(0.06%),P:1e-3092	Tpos:6.2,Tstd:1.1,Bpos:9.8,Bstd:3.3,StrandBias:10.0,Multiplicity:1.00
0.014	0.001	0.984	0.001
0.001	0.001	0.997	0.001
0.001	0.001	0.997	0.001
0.363	0.001	0.635	0.001
0.468	0.276	0.255	0.001
0.273	0.001	0.280	0.446
0.001	0.359	0.238	0.402
0.001	0.553	0.001	0.445
0.001	0.546	0.001	0.452
0.001	0.997	0.001	0.001
0.230	0.298	0.226	0.247
>GGGGKWYCCCC	5-GGGGKWYCCCC	7.390345	-6740.353238	0	T:4689.0(4.27%),B:469.4(0.09%),P:1e-2927	Tpos:6.1,Tstd:0.9,Bpos:10.1,Bstd:3.2,StrandBias:10.0,Multiplicity:1.00
0.105	0.111	0.662	0.122
0.001	0.001	0.997	0.001
0.012	0.001	0.986	0.001
0.298	0.012	0.687	0.003
0.177	0.036	0.446	0.342
0.396	0.119	0.152	0.333
0.056	0.382	0.072	0.489
0.001	0.584	0.005	0.410
0.001	0.940	0.001	0.058
0.009	0.984	0.001	0.006
0.135	0.638	0.102	0.125
>BCWTTGTYYBN	6-BCWTTGTYYBN	7.492735	-6589.763834	0	T:5222.0(4.75%),B:1014.1(0.20%),P:1e-2861	Tpos:6.1,Tstd:0.6,Bpos:10.1,Bstd:4.0,StrandBias:10.0,Multiplicity:1.00
0.033	0.391	0.318	0.258
0.008	0.711	0.068	0.213
0.472	0.018	0.020	0.491
0.047	0.097	0.052	0.804
0.060	0.034	0.044	0.862
0.027	0.001	0.953	0.019
0.033	0.018	0.025	0.924
0.023	0.451	0.071	0.455
0.064	0.436	0.031	0.469
0.137	0.352	0.221	0.290
0.298	0.261	0.276	0.165
>AMCMGGAAGTG	7-AMCMGGAAGTG	6.814227	-4451.773485	0	T:3565.0(3.25%),B:710.0(0.14%),P:1e-1933	Tpos:10.0,Tstd:0.4,Bpos:10.1,Bstd:3.7,StrandBias:10.0,Multiplicity:1.00
0.629	0.056	0.160	0.155
0.354	0.316	0.197	0.134
0.046	0.766	0.187	0.001
0.541	0.457	0.001	0.001
0.001	0.001	0.997	0.001
0.001	0.001	0.997	0.001
0.997	0.001	0.001	0.001
0.997	0.001	0.001	0.001
0.082	0.001	0.916	0.001
0.078	0.064	0.001	0.857
0.208	0.110	0.609	0.073
>AAGATGGCBGC	8-AAGATGGCBGC	7.244688	-3830.111497	0	T:2637.0(2.40%),B:238.2(0.05%),P:1e-1663	Tpos:13.9,Tstd:0.7,Bpos:9.5,Bstd:3.3,StrandBias:10.0,Multiplicity:1.00
0.975	0.006	0.015	0.004
0.963	0.005	0.021	0.011
0.328	0.154	0.483	0.034
0.991	0.003	0.002	0.004
0.001	0.007	0.002	0.990
0.004	0.002	0.993	0.001
0.006	0.003	0.988	0.003
0.091	0.837	0.003	0.069
0.130	0.251	0.367	0.252
0.093	0.109	0.711	0.087
0.143	0.703	0.049	0.105
>AGGTCACMNTG	9-AGGTCACMNTG	7.367700	-1251.913912	0	T:1248.0(1.14%),B:475.5(0.09%),P:1e-543	Tpos:6.2,Tstd:1.0,Bpos:9.7,Bstd:4.2,StrandBias:10.0,Multiplicity:1.00
0.597	0.041	0.340	0.022
0.054	0.001	0.859	0.086
0.040	0.014	0.932	0.014
0.006	0.013	0.161	0.820
0.012	0.906	0.081	0.001
0.942	0.005	0.021	0.032
0.098	0.486	0.300	0.117
0.292	0.387	0.159	0.163
0.221	0.261	0.271	0.248
0.192	0.178	0.055	0.575
0.199	0.040	0.732	0.029
>RGTGACTCAKH	10-RGTGACTCAKH	7.102072	-180.694858	0	T:205.0(0.19%),B:105.5(0.02%),P:1e-78	Tpos:6.3,Tstd:1.3,Bpos:9.8,Bstd:4.1,StrandBias:10.0,Multiplicity:1.00
0.452	0.001	0.519	0.028
0.255	0.001	0.743	0.001
0.001	0.001	0.001	0.997
0.001	0.001	0.997	0.001
0.997	0.001	0.001	0.001
0.001	0.942	0.056	0.001
0.001	0.001	0.001	0.997
0.001	0.997	0.001	0.001
0.997	0.001	0.001	0.001
0.001	0.199	0.340	0.460
0.289	0.283	0.117	0.311
