>NNNCAATTATT	1-NNNCAATTATT	6.516227	-18574.087985	0	T:15764.0(14.35%),B:4349.4(0.85%),P:1e-8066	Tpos:14.0,Tstd:0.5,Bpos:10.0,Bstd:4.9,StrandBias:10.0,Multiplicity:1.00
0.245	0.260	0.262	0.233
0.248	0.245	0.280	0.227
0.251	0.260	0.261	0.228
0.080	0.636	0.146	0.138
0.911	0.024	0.009	0.056
0.969	0.012	0.009	0.010
0.011	0.014	0.009	0.966
0.018	0.122	0.006	0.854
0.965	0.006	0.019	0.010
0.025	0.009	0.007	0.959
0.007	0.007	0.046	0.940
>KATTGCAYMAY	2-KATTGCAYMAY	7.676834	-13261.827084	0	T:9374.0(8.53%),B:1111.2(0.22%),P:1e-5759	Tpos:11.0,Tstd:0.4,Bpos:9.8,Bstd:4.6,StrandBias:10.0,Multiplicity:1.00
0.185	0.160	0.377	0.278
0.521	0.140	0.338	0.001
0.001	0.001	0.001	0.997
0.001	0.001	0.001	0.997
0.111	0.001	0.595	0.293
0.001	0.997	0.001	0.001
0.526	0.125	0.219	0.130
0.138	0.441	0.001	0.420
0.482	0.516	0.001	0.001
0.997	0.001	0.001	0.001
0.001	0.490	0.027	0.483
>TGTTTRCWYWG	3-TGTTTRCWYWG	7.782259	-8120.356126	0	T:6021.0(5.48%),B:878.2(0.17%),P:1e-3526	Tpos:10.0,Tstd:0.3,Bpos:9.9,Bstd:3.5,StrandBias:10.0,Multiplicity:1.00
0.013	0.001	0.001	0.985
0.131	0.002	0.866	0.001
0.001	0.002	0.002	0.995
0.002	0.002	0.022	0.974
0.012	0.003	0.216	0.769
0.379	0.037	0.461	0.123
0.004	0.882	0.001	0.113
0.375	0.184	0.012	0.429
0.113	0.387	0.132	0.368
0.548	0.002	0.039	0.411
0.111	0.167	0.518	0.204
>GGGGGWTCCCC	4-GGGGGWTCCCC	7.472470	-6741.046794	0	T:4636.0(4.22%),B:428.3(0.08%),P:1e-2927	Tpos:6.0,Tstd:0.9,Bpos:9.6,Bstd:3.4,StrandBias:10.0,Multiplicity:1.00
0.129	0.126	0.608	0.137
0.001	0.001	0.997	0.001
0.012	0.001	0.986	0.001
0.274	0.001	0.724	0.001
0.248	0.011	0.508	0.233
0.349	0.112	0.179	0.359
0.112	0.327	0.062	0.499
0.001	0.576	0.014	0.409
0.001	0.923	0.001	0.075
0.011	0.979	0.001	0.009
0.169	0.572	0.093	0.166
>NCCWTTGTYYB	5-NCCWTTGTYYB	7.173202	-6613.328878	0	T:5455.0(4.97%),B:1233.5(0.24%),P:1e-2872	Tpos:5.1,Tstd:0.7,Bpos:10.2,Bstd:4.2,StrandBias:10.0,Multiplicity:1.00
0.305	0.286	0.252	0.157
0.064	0.454	0.243	0.240
0.015	0.749	0.061	0.175
0.515	0.007	0.045	0.433
0.039	0.090	0.067	0.804
0.065	0.046	0.067	0.822
0.015	0.024	0.946	0.015
0.031	0.031	0.026	0.912
0.010	0.478	0.057	0.454
0.046	0.448	0.015	0.491
0.166	0.329	0.260	0.245
>GGGRMDBYYCC	6-GGGRMDBYYCC	6.696729	-4535.940267	0	T:2856.0(2.60%),B:111.2(0.02%),P:1e-1969	Tpos:6.1,Tstd:0.8,Bpos:10.0,Bstd:3.7,StrandBias:10.0,Multiplicity:1.00
0.167	0.188	0.613	0.032
0.205	0.025	0.558	0.212
0.045	0.189	0.732	0.034
0.413	0.111	0.453	0.023
0.438	0.363	0.169	0.030
0.307	0.100	0.276	0.317
0.087	0.305	0.264	0.344
0.019	0.500	0.030	0.451
0.093	0.444	0.019	0.444
0.092	0.547	0.120	0.241
0.256	0.465	0.025	0.255
>AVCMGGAAGTG	7-AVCMGGAAGTG	6.592390	-4499.880356	0	T:3662.0(3.33%),B:774.5(0.15%),P:1e-1954	Tpos:10.0,Tstd:0.5,Bpos:10.0,Bstd:3.8,StrandBias:10.0,Multiplicity:1.00
0.607	0.077	0.169	0.147
0.311	0.339	0.215	0.136
0.048	0.774	0.177	0.001
0.560	0.438	0.001	0.001
0.001	0.001	0.997	0.001
0.001	0.001	0.997	0.001
0.997	0.001	0.001	0.001
0.997	0.001	0.001	0.001
0.056	0.001	0.942	0.001
0.078	0.079	0.001	0.842
0.213	0.112	0.595	0.080
>AARATGGCBGC	8-AARATGGCBGC	6.983160	-3799.990949	0	T:2680.0(2.44%),B:283.0(0.06%),P:1e-1650	Tpos:13.9,Tstd:0.7,Bpos:9.9,Bstd:3.3,StrandBias:10.0,Multiplicity:1.00
0.977	0.003	0.015	0.005
0.964	0.005	0.020	0.011
0.334	0.155	0.480	0.031
0.992	0.002	0.002	0.004
0.001	0.006	0.003	0.990
0.005	0.002	0.990	0.003
0.006	0.003	0.988	0.003
0.090	0.837	0.004	0.069
0.131	0.250	0.363	0.255
0.096	0.105	0.715	0.084
0.145	0.705	0.048	0.102
>AGGTCACMNTG	9-AGGTCACMNTG	7.551088	-1236.901210	0	T:1177.0(1.07%),B:398.6(0.08%),P:1e-537	Tpos:6.1,Tstd:1.0,Bpos:10.0,Bstd:3.9,StrandBias:10.0,Multiplicity:1.00
0.596	0.033	0.356	0.015
0.060	0.001	0.800	0.139
0.004	0.001	0.978	0.017
0.013	0.001	0.132	0.854
0.001	0.902	0.096	0.001
0.943	0.001	0.013	0.043
0.098	0.491	0.311	0.100
0.274	0.414	0.147	0.165
0.195	0.296	0.299	0.210
0.195	0.175	0.069	0.561
0.189	0.043	0.742	0.026
>MGAAATCATTS	10-MGAAATCATTS	7.344959	-211.010023	0	T:325.0(0.30%),B:268.2(0.05%),P:1e-91	Tpos:14.8,Tstd:1.2,Bpos:9.9,Bstd:4.5,StrandBias:10.0,Multiplicity:1.00
0.433	0.303	0.187	0.077
0.290	0.189	0.450	0.070
0.997	0.001	0.001	0.001
0.997	0.001	0.001	0.001
0.997	0.001	0.001	0.001
0.001	0.001	0.001	0.997
0.001	0.997	0.001	0.001
0.976	0.001	0.022	0.001
0.001	0.001	0.001	0.997
0.001	0.001	0.001	0.997
0.212	0.422	0.316	0.051
