MEME version 5.4.1 (Sat Aug 21 19:23:23 2021 -0700)

ALPHABET= ACGU

Background letter frequencies (from uniform background):
A 0.25000 C 0.25000 G 0.25000 U 0.25000 

MOTIF 1 CWCYYCCUCCUCCHCCWCCHC

letter-probability matrix: alength= 4 w= 21 nsites= 42 E= 0
  0.023810	  0.690476	  0.166667	  0.119048	
  0.190476	  0.071429	  0.071429	  0.666667	
  0.071429	  0.666667	  0.142857	  0.119048	
  0.071429	  0.547619	  0.142857	  0.238095	
  0.119048	  0.238095	  0.047619	  0.595238	
  0.000000	  0.785714	  0.190476	  0.023810	
  0.142857	  0.714286	  0.023810	  0.119048	
  0.023810	  0.119048	  0.095238	  0.761905	
  0.071429	  0.833333	  0.047619	  0.047619	
  0.000000	  0.809524	  0.047619	  0.142857	
  0.000000	  0.000000	  0.000000	  1.000000	
  0.023810	  0.880952	  0.071429	  0.023810	
  0.000000	  0.857143	  0.023810	  0.119048	
  0.166667	  0.309524	  0.095238	  0.428571	
  0.095238	  0.642857	  0.142857	  0.119048	
  0.000000	  0.880952	  0.023810	  0.095238	
  0.166667	  0.119048	  0.119048	  0.595238	
  0.023810	  0.761905	  0.095238	  0.119048	
  0.071429	  0.833333	  0.000000	  0.095238	
  0.214286	  0.190476	  0.119048	  0.476190	
  0.047619	  0.738095	  0.142857	  0.071429	

MOTIF 2 NDNNNBDDDGUGDKNBWKNND

letter-probability matrix: alength= 4 w= 21 nsites= 203 E= 0
  0.167488	  0.137931	  0.246305	  0.448276	
  0.157635	  0.118227	  0.556650	  0.167488	
  0.152709	  0.137931	  0.201970	  0.507389	
  0.167488	  0.142857	  0.527094	  0.162562	
  0.137931	  0.162562	  0.152709	  0.546798	
  0.088670	  0.206897	  0.561576	  0.142857	
  0.157635	  0.073892	  0.152709	  0.615764	
  0.152709	  0.049261	  0.620690	  0.177340	
  0.177340	  0.113300	  0.275862	  0.433498	
  0.064039	  0.059113	  0.857143	  0.019704	
  0.000000	  0.000000	  0.000000	  1.000000	
  0.093596	  0.044335	  0.758621	  0.103448	
  0.142857	  0.103448	  0.172414	  0.581281	
  0.128079	  0.083744	  0.635468	  0.152709	
  0.142857	  0.162562	  0.167488	  0.527094	
  0.123153	  0.137931	  0.522167	  0.216749	
  0.177340	  0.098522	  0.118227	  0.605911	
  0.108374	  0.108374	  0.600985	  0.182266	
  0.147783	  0.167488	  0.152709	  0.532020	
  0.147783	  0.182266	  0.527094	  0.142857	
  0.216749	  0.118227	  0.182266	  0.482759	

MOTIF 3 VNDVWRWARRUVAARAWRAWR

letter-probability matrix: alength= 4 w= 21 nsites= 96 E= 0
  0.583333	  0.156250	  0.145833	  0.114583	
  0.437500	  0.197917	  0.145833	  0.218750	
  0.552083	  0.072917	  0.229167	  0.145833	
  0.593750	  0.156250	  0.166667	  0.083333	
  0.531250	  0.052083	  0.114583	  0.302083	
  0.458333	  0.114583	  0.364583	  0.062500	
  0.614583	  0.104167	  0.125000	  0.156250	
  0.656250	  0.083333	  0.145833	  0.114583	
  0.604167	  0.010417	  0.250000	  0.135417	
  0.625000	  0.104167	  0.208333	  0.062500	
  0.000000	  0.000000	  0.000000	  1.000000	
  0.427083	  0.166667	  0.333333	  0.072917	
  0.656250	  0.114583	  0.125000	  0.104167	
  0.656250	  0.135417	  0.062500	  0.145833	
  0.677083	  0.062500	  0.229167	  0.031250	
  0.843750	  0.020833	  0.072917	  0.062500	
  0.645833	  0.093750	  0.093750	  0.166667	
  0.531250	  0.072917	  0.302083	  0.093750	
  0.739583	  0.072917	  0.114583	  0.072917	
  0.614583	  0.072917	  0.114583	  0.197917	
  0.572917	  0.052083	  0.281250	  0.093750	

MOTIF 4 NUUYUUBYKBUHNDDUDWNDD

letter-probability matrix: alength= 4 w= 21 nsites= 111 E= 0
  0.135135	  0.243243	  0.162162	  0.459459	
  0.072072	  0.144144	  0.099099	  0.684685	
  0.090090	  0.153153	  0.081081	  0.675676	
  0.072072	  0.189189	  0.054054	  0.684685	
  0.099099	  0.072072	  0.162162	  0.666667	
  0.045045	  0.117117	  0.126126	  0.711712	
  0.108108	  0.171171	  0.225225	  0.495495	
  0.117117	  0.180180	  0.045045	  0.657658	
  0.090090	  0.099099	  0.198198	  0.612613	
  0.081081	  0.234234	  0.225225	  0.459459	
  0.000000	  0.000000	  0.000000	  1.000000	
  0.261261	  0.162162	  0.108108	  0.468468	
  0.207207	  0.162162	  0.243243	  0.387387	
  0.153153	  0.117117	  0.135135	  0.594595	
  0.180180	  0.081081	  0.216216	  0.522523	
  0.117117	  0.108108	  0.126126	  0.648649	
  0.315315	  0.117117	  0.180180	  0.387387	
  0.225225	  0.108108	  0.099099	  0.567568	
  0.243243	  0.153153	  0.198198	  0.405405	
  0.225225	  0.108108	  0.144144	  0.522523	
  0.243243	  0.054054	  0.234234	  0.468468	

MOTIF 5 BNNNBBNNYCUCSYNVVNSVN

letter-probability matrix: alength= 4 w= 21 nsites= 115 E= 0
  0.095652	  0.365217	  0.260870	  0.278261	
  0.130435	  0.408696	  0.234783	  0.226087	
  0.156522	  0.295652	  0.321739	  0.226087	
  0.147826	  0.330435	  0.286957	  0.234783	
  0.095652	  0.391304	  0.252174	  0.260870	
  0.086957	  0.356522	  0.234783	  0.321739	
  0.130435	  0.382609	  0.339130	  0.147826	
  0.217391	  0.373913	  0.234783	  0.173913	
  0.052174	  0.565217	  0.139130	  0.243478	
  0.052174	  0.660870	  0.139130	  0.147826	
  0.000000	  0.000000	  0.000000	  1.000000	
  0.052174	  0.739130	  0.147826	  0.060870	
  0.104348	  0.643478	  0.165217	  0.086957	
  0.026087	  0.617391	  0.130435	  0.226087	
  0.217391	  0.347826	  0.304348	  0.130435	
  0.200000	  0.208696	  0.504348	  0.086957	
  0.191304	  0.434783	  0.286957	  0.086957	
  0.156522	  0.330435	  0.313043	  0.200000	
  0.121739	  0.417391	  0.356522	  0.104348	
  0.217391	  0.513043	  0.173913	  0.095652	
  0.243478	  0.295652	  0.217391	  0.243478	

MOTIF 6 NNNHNNNDDRUDWRDNNDDDN

letter-probability matrix: alength= 4 w= 21 nsites= 200 E= 0
  0.275000	  0.145000	  0.225000	  0.355000	
  0.320000	  0.135000	  0.190000	  0.355000	
  0.350000	  0.255000	  0.150000	  0.245000	
  0.345000	  0.195000	  0.115000	  0.345000	
  0.275000	  0.190000	  0.220000	  0.315000	
  0.300000	  0.155000	  0.180000	  0.365000	
  0.315000	  0.140000	  0.230000	  0.315000	
  0.400000	  0.120000	  0.245000	  0.235000	
  0.400000	  0.090000	  0.275000	  0.235000	
  0.445000	  0.090000	  0.360000	  0.105000	
  0.000000	  0.000000	  0.000000	  1.000000	
  0.480000	  0.095000	  0.185000	  0.240000	
  0.425000	  0.065000	  0.110000	  0.400000	
  0.505000	  0.125000	  0.285000	  0.085000	
  0.440000	  0.060000	  0.160000	  0.340000	
  0.335000	  0.145000	  0.275000	  0.245000	
  0.460000	  0.140000	  0.205000	  0.195000	
  0.575000	  0.080000	  0.155000	  0.190000	
  0.370000	  0.115000	  0.195000	  0.320000	
  0.445000	  0.125000	  0.145000	  0.285000	
  0.315000	  0.205000	  0.185000	  0.295000	

MOTIF 7 AAAAAAAAAGURDDDNDNNNN

letter-probability matrix: alength= 4 w= 21 nsites= 57 E= 0
  0.754386	  0.087719	  0.070175	  0.087719	
  0.719298	  0.140351	  0.105263	  0.035088	
  0.754386	  0.052632	  0.070175	  0.122807	
  0.701754	  0.105263	  0.157895	  0.035088	
  0.771930	  0.052632	  0.122807	  0.052632	
  0.894737	  0.000000	  0.070175	  0.035088	
  0.771930	  0.052632	  0.175439	  0.000000	
  0.789474	  0.052632	  0.122807	  0.035088	
  0.824561	  0.000000	  0.105263	  0.070175	
  0.175439	  0.070175	  0.684211	  0.070175	
  0.000000	  0.000000	  0.000000	  1.000000	
  0.508772	  0.052632	  0.350877	  0.087719	
  0.421053	  0.122807	  0.192982	  0.263158	
  0.368421	  0.052632	  0.333333	  0.245614	
  0.403509	  0.122807	  0.228070	  0.245614	
  0.333333	  0.157895	  0.192982	  0.315789	
  0.245614	  0.087719	  0.228070	  0.438596	
  0.210526	  0.140351	  0.263158	  0.385965	
  0.192982	  0.210526	  0.210526	  0.385965	
  0.280702	  0.245614	  0.140351	  0.333333	
  0.228070	  0.157895	  0.140351	  0.473684	

MOTIF 8 NHHNHHNCHNUCHMMNVVNHN

letter-probability matrix: alength= 4 w= 21 nsites= 90 E= 0
  0.244444	  0.288889	  0.244444	  0.222222	
  0.288889	  0.466667	  0.111111	  0.133333	
  0.288889	  0.277778	  0.044444	  0.388889	
  0.188889	  0.466667	  0.133333	  0.211111	
  0.211111	  0.466667	  0.022222	  0.300000	
  0.244444	  0.433333	  0.022222	  0.300000	
  0.188889	  0.411111	  0.144444	  0.255556	
  0.144444	  0.655556	  0.066667	  0.133333	
  0.255556	  0.377778	  0.044444	  0.322222	
  0.222222	  0.433333	  0.177778	  0.166667	
  0.000000	  0.000000	  0.000000	  1.000000	
  0.122222	  0.633333	  0.133333	  0.111111	
  0.211111	  0.500000	  0.077778	  0.211111	
  0.244444	  0.622222	  0.022222	  0.111111	
  0.422222	  0.355556	  0.122222	  0.100000	
  0.200000	  0.288889	  0.311111	  0.200000	
  0.311111	  0.400000	  0.200000	  0.088889	
  0.300000	  0.466667	  0.133333	  0.100000	
  0.244444	  0.266667	  0.144444	  0.344444	
  0.188889	  0.466667	  0.077778	  0.266667	
  0.288889	  0.433333	  0.144444	  0.133333	

MOTIF 9 NNNNNNHNDBUDKNNNNNNDN

letter-probability matrix: alength= 4 w= 21 nsites= 221 E= 0
  0.285068	  0.199095	  0.230769	  0.285068	
  0.271493	  0.217195	  0.153846	  0.357466	
  0.239819	  0.194570	  0.248869	  0.316742	
  0.334842	  0.212670	  0.185520	  0.266968	
  0.280543	  0.199095	  0.257919	  0.262443	
  0.366516	  0.199095	  0.158371	  0.276018	
  0.289593	  0.230769	  0.113122	  0.366516	
  0.303167	  0.226244	  0.203620	  0.266968	
  0.171946	  0.104072	  0.289593	  0.434389	
  0.113122	  0.217195	  0.429864	  0.239819	
  0.000000	  0.000000	  0.000000	  1.000000	
  0.180995	  0.049774	  0.199095	  0.570136	
  0.108597	  0.090498	  0.257919	  0.542986	
  0.149321	  0.190045	  0.239819	  0.420814	
  0.325792	  0.217195	  0.280543	  0.176471	
  0.235294	  0.203620	  0.303167	  0.257919	
  0.334842	  0.162896	  0.235294	  0.266968	
  0.330317	  0.203620	  0.171946	  0.294118	
  0.289593	  0.171946	  0.217195	  0.321267	
  0.271493	  0.108597	  0.212670	  0.407240	
  0.298643	  0.149321	  0.162896	  0.389140	

MOTIF 10 YNSCDGCNKCUGCHGCNGSNG

letter-probability matrix: alength= 4 w= 21 nsites= 68 E= 0
  0.132353	  0.632353	  0.058824	  0.176471	
  0.264706	  0.132353	  0.294118	  0.308824	
  0.117647	  0.235294	  0.558824	  0.088235	
  0.117647	  0.661765	  0.102941	  0.117647	
  0.323529	  0.117647	  0.205882	  0.352941	
  0.044118	  0.191176	  0.735294	  0.029412	
  0.117647	  0.676471	  0.073529	  0.132353	
  0.308824	  0.191176	  0.205882	  0.294118	
  0.073529	  0.117647	  0.647059	  0.161765	
  0.088235	  0.779412	  0.073529	  0.058824	
  0.000000	  0.000000	  0.000000	  1.000000	
  0.014706	  0.220588	  0.735294	  0.029412	
  0.000000	  0.911765	  0.073529	  0.014706	
  0.323529	  0.205882	  0.102941	  0.367647	
  0.058824	  0.117647	  0.794118	  0.029412	
  0.058824	  0.705882	  0.205882	  0.029412	
  0.426471	  0.147059	  0.191176	  0.235294	
  0.132353	  0.073529	  0.735294	  0.058824	
  0.073529	  0.676471	  0.191176	  0.058824	
  0.220588	  0.308824	  0.147059	  0.323529	
  0.147059	  0.147059	  0.676471	  0.029412	

MOTIF 11 NNNNNNNNBSUGNNVNNNNNN

letter-probability matrix: alength= 4 w= 21 nsites= 709 E= 0
  0.217207	  0.258110	  0.365303	  0.159379	
  0.266573	  0.273625	  0.301834	  0.157969	
  0.194640	  0.252468	  0.369535	  0.183357	
  0.191819	  0.218618	  0.379408	  0.210155	
  0.173484	  0.284908	  0.339915	  0.201693	
  0.214386	  0.229901	  0.373766	  0.181946	
  0.196051	  0.251058	  0.389281	  0.163611	
  0.210155	  0.198872	  0.359661	  0.231312	
  0.105783	  0.157969	  0.517630	  0.218618	
  0.087447	  0.201693	  0.602257	  0.108604	
  0.000000	  0.000000	  0.000000	  1.000000	
  0.052186	  0.166432	  0.695346	  0.086037	
  0.138223	  0.155148	  0.504937	  0.201693	
  0.148096	  0.187588	  0.504937	  0.159379	
  0.148096	  0.272214	  0.455571	  0.124118	
  0.193230	  0.273625	  0.380818	  0.152327	
  0.191819	  0.303244	  0.341326	  0.163611	
  0.174894	  0.280677	  0.369535	  0.174894	
  0.210155	  0.251058	  0.385049	  0.153738	
  0.200282	  0.279267	  0.372355	  0.148096	
  0.177715	  0.277856	  0.379408	  0.165021	

