#INCLUSive Motif Model
#
#ID = Human_TypeI.txt
#W = 5
0.3759536963956853	0.15259142330965536	0.39588266245724807	0.0755722178374112
0.1851815311760063	0.061365430149960536	0.6992567745330176	0.05419626414101552
0.17465798474085767	0.10372270455143383	0.6784398842409892	0.04317942646671928
0.21481189160747172	0.13318863456985003	0.5378189950013155	0.1141804788213628
0.21244409365956327	0.24414627729544858	0.3626677190213102	0.18074191002367798

#ID = Mouse_TypeI.txt
#W = 5
0.41079674644288694	0.16284193994514898	0.3332317573427721	0.093129556269192
0.21124680621645062	0.07852605424157896	0.6413117367150325	0.06891540282693795
0.20995757249009633	0.12142237640936687	0.606408663650641	0.06221138744989569
0.24078197885656688	0.13529921942758022	0.49227631794847754	0.13164248376737536
0.23637514357375589	0.2233890438573873	0.34378003328567075	0.19645577928318605

#ID = XT_TypeI.txt
#W = 5
0.37821744141375335	0.14041490587783326	0.4113843001664746	0.06998335254193878
0.255986682033551	0.051927263414009474	0.6296580868228967	0.06242796772954284
0.2589960302215393	0.07126392623895506	0.6154437187860161	0.05429632475348956
0.2830067870405942	0.08778332693046485	0.47867844794467923	0.15053143808426175
0.2875528236650019	0.1521961838903829	0.32853118196952236	0.23171981047509285

#ID = XL_TypeI.txt
#W = 5
0.42816560576568996	0.1364616760481877	0.34825608922089535	0.087116628965227
0.27886790467673206	0.0456099742227366	0.6060813298963649	0.06944079120416645
0.27892051133673523	0.06549529170392972	0.6004524172760272	0.05513177968330791
0.30422431479825346	0.08175074964490504	0.44552580356673155	0.16849913199010993
0.28491767057709505	0.13746120258824768	0.32158451259929505	0.25603661423536217

#ID = ZF_TypeI.txt
#W = 5
0.3767099666628348	0.12081848488331992	0.4433842970456374	0.05908725140820784
0.2770433383147488	0.05529371192091045	0.6105299459708012	0.057133003793539486
0.2583055523623405	0.09322910679388435	0.5862742844005058	0.06219105644326934
0.29647085871939305	0.08874583285435107	0.4770663294631567	0.1377169789630992
0.271640418438901	0.1756523738360731	0.3356707667547994	0.21703644097022645

#ID = Fly_TypeI.txt
#W = 5
0.20984215413184773	0.1276031303886457	0.57699960206924	0.08555511341026661
0.31343679533094576	0.1425918556837777	0.45430428438784987	0.08966706459742671
0.22536145377371003	0.17827298050139276	0.4970155192996419	0.09935004642525534
0.26051200424459475	0.09908475925189017	0.5369412388910996	0.10346199761241544
0.25228810187027456	0.18928239819604722	0.32179334129194853	0.23663615864172968

