>GCAATTATT	1-GCAATTATT	4.638137	-17607.045139	0	T:16400.0(14.93%),B:5928.3(1.16%),P:1e-7646	Tpos:14.8,Tstd:1.2,Bpos:10.1,Bstd:5.9,StrandBias:10.0,Multiplicity:1.00
0.195	0.190	0.432	0.183
0.033	0.851	0.054	0.062
0.977	0.005	0.001	0.017
0.997	0.001	0.001	0.001
0.001	0.001	0.001	0.997
0.001	0.042	0.001	0.956
0.994	0.001	0.004	0.001
0.001	0.001	0.001	0.997
0.001	0.001	0.011	0.987
>ATTGCACAA	2-ATTGCACAA	5.333805	-11228.813929	0	T:8578.0(7.81%),B:1485.8(0.29%),P:1e-4876	Tpos:11.0,Tstd:0.5,Bpos:10.0,Bstd:5.4,StrandBias:10.0,Multiplicity:1.00
0.904	0.023	0.072	0.001
0.001	0.001	0.001	0.997
0.001	0.001	0.001	0.997
0.001	0.001	0.930	0.068
0.001	0.997	0.001	0.001
0.915	0.015	0.032	0.038
0.046	0.736	0.001	0.217
0.823	0.175	0.001	0.001
0.997	0.001	0.001	0.001
>GTTKCKYCA	3-GTTKCKYCA	4.262103	-10272.847508	0	T:9833.0(8.95%),B:3603.7(0.70%),P:1e-4461	Tpos:10.7,Tstd:1.8,Bpos:10.0,Bstd:4.4,StrandBias:10.0,Multiplicity:1.00
0.076	0.119	0.804	0.001
0.001	0.001	0.001	0.997
0.001	0.001	0.001	0.997
0.001	0.001	0.507	0.491
0.001	0.997	0.001	0.001
0.151	0.088	0.315	0.446
0.065	0.519	0.001	0.415
0.229	0.769	0.001	0.001
0.997	0.001	0.001	0.001
>TGTTTACTC	4-TGTTTACTC	5.627678	-6766.248428	0	T:5668.0(5.16%),B:1356.2(0.26%),P:1e-2938	Tpos:9.0,Tstd:0.5,Bpos:10.2,Bstd:4.2,StrandBias:10.0,Multiplicity:1.00
0.001	0.001	0.001	0.997
0.014	0.001	0.984	0.001
0.001	0.001	0.001	0.997
0.001	0.001	0.001	0.997
0.001	0.001	0.014	0.984
0.798	0.001	0.186	0.015
0.001	0.997	0.001	0.001
0.149	0.047	0.001	0.803
0.016	0.680	0.040	0.264
>CCWTTGTYY	5-CCWTTGTYY	6.539409	-6230.659422	0	T:5490.0(5.00%),B:1543.2(0.30%),P:1e-2705	Tpos:5.1,Tstd:1.0,Bpos:10.2,Bstd:5.4,StrandBias:10.0,Multiplicity:1.00
0.001	0.598	0.213	0.188
0.001	0.965	0.001	0.033
0.564	0.001	0.001	0.434
0.001	0.001	0.001	0.997
0.001	0.001	0.001	0.997
0.001	0.001	0.997	0.001
0.001	0.001	0.001	0.997
0.001	0.553	0.008	0.438
0.001	0.564	0.001	0.434
>GGGGDTYCC	6-GGGGDTYCC	6.635584	-5264.648822	0	T:4722.0(4.30%),B:1390.6(0.27%),P:1e-2286	Tpos:6.1,Tstd:1.2,Bpos:9.9,Bstd:4.1,StrandBias:10.0,Multiplicity:1.00
0.009	0.004	0.976	0.011
0.034	0.006	0.921	0.039
0.308	0.026	0.650	0.016
0.194	0.010	0.507	0.289
0.332	0.100	0.222	0.346
0.071	0.339	0.031	0.559
0.032	0.513	0.079	0.376
0.014	0.905	0.005	0.076
0.023	0.939	0.017	0.021
>CAGGAAGTG	7-CAGGAAGTG	6.540478	-3963.490833	0	T:3192.0(2.91%),B:646.8(0.13%),P:1e-1721	Tpos:11.0,Tstd:0.6,Bpos:10.3,Bstd:4.4,StrandBias:10.0,Multiplicity:1.00
0.020	0.912	0.067	0.001
0.799	0.199	0.001	0.001
0.001	0.001	0.997	0.001
0.001	0.001	0.997	0.001
0.997	0.001	0.001	0.001
0.997	0.001	0.001	0.001
0.030	0.001	0.968	0.001
0.042	0.066	0.001	0.891
0.108	0.082	0.779	0.031
>GGGAWYCTC	8-GGGAWYCTC	7.580545	-3609.494857	0	T:3004.0(2.73%),B:685.9(0.13%),P:1e-1567	Tpos:6.9,Tstd:2.5,Bpos:10.0,Bstd:4.3,StrandBias:10.0,Multiplicity:1.00
0.001	0.001	0.997	0.001
0.001	0.001	0.997	0.001
0.422	0.001	0.576	0.001
0.908	0.057	0.001	0.034
0.487	0.001	0.068	0.445
0.073	0.456	0.136	0.335
0.001	0.769	0.001	0.229
0.001	0.423	0.001	0.575
0.001	0.997	0.001	0.001
>CAAGATGGC	9-CAAGATGGC	6.480986	-3563.967477	0	T:2617.0(2.38%),B:349.0(0.07%),P:1e-1547	Tpos:12.0,Tstd:0.7,Bpos:10.0,Bstd:3.9,StrandBias:10.0,Multiplicity:1.00
0.069	0.836	0.052	0.043
0.991	0.001	0.007	0.001
0.990	0.003	0.006	0.001
0.262	0.096	0.619	0.023
0.997	0.001	0.001	0.001
0.001	0.001	0.001	0.997
0.001	0.001	0.997	0.001
0.001	0.001	0.997	0.001
0.032	0.930	0.001	0.037
>AGGTCACMB	10-AGGTCACMB	6.230902	-784.111470	0	T:1319.0(1.20%),B:1204.2(0.23%),P:1e-340	Tpos:5.7,Tstd:2.2,Bpos:10.1,Bstd:4.4,StrandBias:10.0,Multiplicity:1.00
0.801	0.001	0.193	0.005
0.008	0.001	0.973	0.018
0.003	0.001	0.990	0.006
0.001	0.006	0.033	0.960
0.013	0.893	0.065	0.029
0.957	0.004	0.012	0.027
0.009	0.699	0.258	0.034
0.306	0.377	0.174	0.143
0.161	0.350	0.281	0.208
