>GCAATTATT	1-GCAATTATT	4.563422	-17726.015097	0	T:16727.0(15.23%),B:6278.2(1.22%),P:1e-7698	Tpos:14.8,Tstd:1.2,Bpos:10.1,Bstd:6.0,StrandBias:10.0,Multiplicity:1.00
0.189	0.198	0.433	0.180
0.034	0.855	0.051	0.060
0.975	0.005	0.001	0.019
0.997	0.001	0.001	0.001
0.001	0.001	0.001	0.997
0.001	0.042	0.001	0.956
0.995	0.001	0.003	0.001
0.003	0.001	0.001	0.995
0.001	0.001	0.009	0.989
>ATTGCACCA	2-ATTGCACCA	6.707295	-11248.115183	0	T:9235.0(8.41%),B:2141.6(0.42%),P:1e-4884	Tpos:11.0,Tstd:0.6,Bpos:10.0,Bstd:5.3,StrandBias:10.0,Multiplicity:1.00
0.663	0.058	0.278	0.001
0.001	0.001	0.001	0.997
0.001	0.001	0.001	0.997
0.001	0.001	0.753	0.245
0.001	0.997	0.001	0.001
0.607	0.039	0.202	0.152
0.120	0.577	0.001	0.302
0.398	0.600	0.001	0.001
0.997	0.001	0.001	0.001
>TGTTTACTC	3-TGTTTACTC	5.143816	-6826.123144	0	T:5795.0(5.28%),B:1455.1(0.28%),P:1e-2964	Tpos:9.0,Tstd:0.6,Bpos:10.1,Bstd:4.1,StrandBias:10.0,Multiplicity:1.00
0.002	0.001	0.001	0.996
0.016	0.001	0.982	0.001
0.001	0.001	0.001	0.997
0.001	0.001	0.003	0.995
0.001	0.001	0.011	0.987
0.788	0.007	0.192	0.013
0.001	0.997	0.001	0.001
0.143	0.047	0.001	0.809
0.014	0.684	0.040	0.262
>CCATTGTYY	4-CCATTGTYY	6.669553	-6294.243189	0	T:5400.0(4.92%),B:1398.5(0.27%),P:1e-2733	Tpos:5.1,Tstd:0.9,Bpos:10.4,Bstd:4.9,StrandBias:10.0,Multiplicity:1.00
0.001	0.602	0.218	0.179
0.001	0.963	0.001	0.035
0.582	0.001	0.002	0.415
0.001	0.001	0.001	0.997
0.001	0.001	0.001	0.997
0.001	0.001	0.997	0.001
0.001	0.001	0.001	0.997
0.001	0.573	0.003	0.423
0.001	0.565	0.001	0.433
>TTGCCTAAC	5-TTGCCTAAC	7.192112	-5942.622315	0	T:4934.0(4.49%),B:1139.4(0.22%),P:1e-2580	Tpos:11.5,Tstd:1.9,Bpos:9.9,Bstd:4.4,StrandBias:10.0,Multiplicity:1.00
0.001	0.001	0.001	0.997
0.001	0.001	0.002	0.996
0.205	0.003	0.576	0.216
0.001	0.997	0.001	0.001
0.333	0.609	0.057	0.001
0.095	0.343	0.001	0.561
0.997	0.001	0.001	0.001
0.997	0.001	0.001	0.001
0.001	0.754	0.025	0.220
>GGGGDTYCC	6-GGGGDTYCC	6.783667	-5301.540666	0	T:4595.0(4.18%),B:1220.4(0.24%),P:1e-2302	Tpos:6.1,Tstd:1.1,Bpos:9.9,Bstd:4.2,StrandBias:10.0,Multiplicity:1.00
0.008	0.005	0.977	0.010
0.035	0.005	0.923	0.037
0.308	0.026	0.649	0.017
0.194	0.012	0.504	0.290
0.340	0.097	0.223	0.340
0.071	0.335	0.032	0.562
0.030	0.504	0.083	0.383
0.012	0.910	0.005	0.073
0.024	0.939	0.016	0.021
>GGGADYYCC	7-GGGADYYCC	7.197107	-5117.950977	0	T:4188.0(3.81%),B:911.2(0.18%),P:1e-2222	Tpos:6.7,Tstd:2.2,Bpos:10.0,Bstd:4.4,StrandBias:10.0,Multiplicity:1.00
0.001	0.001	0.990	0.008
0.096	0.001	0.902	0.001
0.406	0.001	0.592	0.001
0.600	0.130	0.217	0.053
0.296	0.171	0.203	0.331
0.001	0.343	0.230	0.426
0.001	0.519	0.001	0.479
0.001	0.677	0.001	0.321
0.001	0.997	0.001	0.001
>CAGGAAGTG	8-CAGGAAGTG	6.397094	-3951.335726	0	T:3287.0(2.99%),B:752.8(0.15%),P:1e-1716	Tpos:11.0,Tstd:0.6,Bpos:10.1,Bstd:4.3,StrandBias:10.0,Multiplicity:1.00
0.019	0.909	0.071	0.001
0.809	0.189	0.001	0.001
0.001	0.001	0.997	0.001
0.001	0.001	0.997	0.001
0.997	0.001	0.001	0.001
0.997	0.001	0.001	0.001
0.034	0.001	0.964	0.001
0.050	0.058	0.001	0.891
0.104	0.085	0.784	0.027
>CAAGATGGC	9-CAAGATGGC	6.413755	-3565.423133	0	T:2590.0(2.36%),B:326.2(0.06%),P:1e-1548	Tpos:12.0,Tstd:0.7,Bpos:9.8,Bstd:4.6,StrandBias:10.0,Multiplicity:1.00
0.069	0.833	0.053	0.045
0.991	0.001	0.007	0.001
0.994	0.001	0.004	0.001
0.269	0.087	0.622	0.022
0.997	0.001	0.001	0.001
0.001	0.001	0.001	0.997
0.001	0.001	0.997	0.001
0.001	0.001	0.997	0.001
0.033	0.928	0.001	0.038
>NAGGTCACC	10-NAGGTCACC	6.444277	-765.553081	0	T:1230.0(1.12%),B:1063.0(0.21%),P:1e-332	Tpos:4.8,Tstd:2.4,Bpos:9.8,Bstd:4.3,StrandBias:10.0,Multiplicity:1.00
0.224	0.242	0.281	0.253
0.813	0.001	0.176	0.010
0.005	0.004	0.979	0.012
0.007	0.001	0.987	0.005
0.012	0.006	0.038	0.944
0.015	0.932	0.031	0.022
0.952	0.001	0.023	0.024
0.012	0.700	0.246	0.042
0.283	0.442	0.159	0.116
