>CTGTTGAGGCTG	17-CAGCCTCAACAG	9.032520	-31.063662	0	T:24.0(0.06%),B:3.6(0.00%),P:1e-13
0.094	0.726	0.078	0.102
0.088	0.118	0.114	0.680
0.052	0.137	0.723	0.088
0.147	0.175	0.145	0.533
0.092	0.119	0.161	0.628
0.066	0.147	0.707	0.080
0.671	0.088	0.102	0.139
0.159	0.082	0.608	0.151
0.088	0.088	0.740	0.084
0.139	0.628	0.129	0.104
0.155	0.092	0.112	0.641
0.070	0.118	0.712	0.100
