>CAGCCTCAACAG	17-CAGCCTCAACAG,BestGuess:hsa-miR-4502 MIMAT0019038 Homo sapiens miR-4502 Targets (miRBase)(0.666)	9.032520	-31.063662	0	T:24.0(0.06%),B:3.6(0.00%),P:1e-13
0.100	0.712	0.118	0.070
0.641	0.112	0.092	0.155
0.104	0.129	0.628	0.139
0.084	0.740	0.088	0.088
0.151	0.608	0.082	0.159
0.139	0.102	0.088	0.671
0.080	0.707	0.147	0.066
0.628	0.161	0.119	0.092
0.533	0.145	0.175	0.147
0.088	0.723	0.137	0.052
0.680	0.114	0.118	0.088
0.102	0.078	0.726	0.094
