>TCAGGCTGTGAR	21-TCAGGCTGTGAR	7.530332	-19.361767	0	T:52.0(0.12%),B:66.1(0.04%),P:1e-8
0.126	0.138	0.145	0.591
0.049	0.788	0.101	0.062
0.605	0.159	0.118	0.118
0.145	0.118	0.647	0.090
0.128	0.138	0.646	0.088
0.136	0.681	0.087	0.096
0.181	0.079	0.142	0.598
0.085	0.176	0.630	0.109
0.174	0.141	0.126	0.559
0.114	0.172	0.632	0.082
0.549	0.203	0.156	0.092
0.319	0.075	0.388	0.218
