>TTCCCCAGAGCT	10-TTCCCCAGAGCT	7.317906	-171.752413	0	T:350.0(0.84%),B:321.5(0.19%),P:1e-74
0.203	0.001	0.293	0.503
0.288	0.001	0.269	0.442
0.179	0.538	0.001	0.282
0.024	0.828	0.147	0.001
0.001	0.792	0.037	0.170
0.001	0.706	0.292	0.001
0.853	0.001	0.001	0.145
0.280	0.001	0.718	0.001
0.535	0.001	0.379	0.085
0.292	0.001	0.706	0.001
0.135	0.486	0.233	0.147
0.265	0.257	0.049	0.429
