>NCAGSCTGGAGA	24-NCAGSCTGGAGA	9.102076	-14.241277	0	T:37.0(0.09%),B:47.8(0.03%),P:1e-6
0.219	0.216	0.328	0.237
0.036	0.820	0.054	0.090
0.782	0.072	0.056	0.090
0.217	0.182	0.402	0.200
0.162	0.365	0.455	0.018
0.036	0.910	0.036	0.018
0.054	0.001	0.072	0.873
0.001	0.093	0.905	0.001
0.127	0.021	0.834	0.018
0.836	0.054	0.055	0.055
0.054	0.273	0.654	0.019
0.688	0.220	0.055	0.037
