>MACAGCTCCASW	16-MACAGCTCCASW	9.109292	-31.905102	0	T:50.0(0.12%),B:36.5(0.02%),P:1e-13
0.404	0.411	0.046	0.139
0.634	0.183	0.044	0.139
0.320	0.491	0.044	0.145
0.633	0.002	0.360	0.005
0.001	0.001	0.955	0.043
0.001	0.774	0.001	0.224
0.001	0.044	0.044	0.911
0.044	0.824	0.088	0.044
0.001	0.955	0.001	0.043
0.864	0.044	0.044	0.048
0.233	0.402	0.272	0.093
0.498	0.047	0.092	0.362
