>SCNSSGGSVGSR	3-SCNSSGGSVGSR,BestGuess:hsa-miR-4532 MIMAT0019071 Homo sapiens miR-4532 Targets (miRBase)(0.633)	3.340282	-852.440165	0	T:13511.0(32.38%),B:37022.4(22.45%),P:1e-370
0.052	0.430	0.392	0.126
0.123	0.786	0.001	0.090
0.229	0.309	0.234	0.227
0.009	0.464	0.516	0.011
0.157	0.409	0.433	0.001
0.282	0.175	0.475	0.068
0.100	0.237	0.662	0.001
0.175	0.377	0.446	0.001
0.270	0.238	0.341	0.150
0.077	0.336	0.541	0.046
0.118	0.431	0.409	0.041
0.278	0.186	0.366	0.170
