>YSCBSCCSSNGS	3-SCNSSGGSVGSR	3.340282	-852.440165	0	T:13511.0(32.38%),B:37022.4(22.45%),P:1e-370
0.170	0.366	0.186	0.278
0.041	0.409	0.431	0.118
0.046	0.541	0.336	0.077
0.150	0.341	0.238	0.270
0.001	0.446	0.377	0.175
0.001	0.662	0.237	0.100
0.068	0.475	0.175	0.282
0.001	0.433	0.409	0.157
0.011	0.516	0.464	0.009
0.227	0.234	0.309	0.229
0.090	0.001	0.786	0.123
0.126	0.392	0.430	0.052
