>GCWTCCCGGAGR	8-GCWTCCCGGAGR	6.538425	-232.345948	0	T:580.0(1.39%),B:643.0(0.39%),P:1e-100
0.294	0.136	0.496	0.074
0.032	0.716	0.137	0.115
0.441	0.021	0.001	0.537
0.147	0.147	0.063	0.643
0.001	0.726	0.031	0.242
0.168	0.420	0.149	0.263
0.148	0.850	0.001	0.001
0.294	0.001	0.590	0.115
0.001	0.104	0.894	0.001
0.758	0.083	0.001	0.158
0.001	0.083	0.915	0.001
0.326	0.137	0.442	0.095
