#INCLUSive Motif Model
#
#ID = Fly_TypeI.txt
#W = 9
0.298050139275766	0.252155458283592	0.18172171375513993	0.26807268868550205
0.37100411195118715	0.10810452314630588	0.19909802361055842	0.32179334129194853
0.15811115532564002	0.18716010080912587	0.34062873060087545	0.31410001326435866
0.0	1.0	0.0	0.0
0.20984215413184773	0.1276031303886457	0.57699960206924	0.08555511341026661
0.31343679533094576	0.1425918556837777	0.45430428438784987	0.08966706459742671
0.22536145377371003	0.17827298050139276	0.4970155192996419	0.09935004642525534
0.26051200424459475	0.09908475925189017	0.5369412388910996	0.10346199761241544
0.25228810187027456	0.18928239819604722	0.32179334129194853	0.23663615864172968

#ID = Fly_sub1.txt
#W = 9
0.37266553480475384	0.2461799660441426	0.20628183361629882	0.17487266553480477
0.5050933786078099	0.06876061120543293	0.08488964346349745	0.34125636672325976
0.07724957555178268	0.16213921901528014	0.5577249575551783	0.2028862478777589
0.0	1.0	0.0	0.0
0.32767402376910015	0.09422750424448217	0.3921901528013582	0.18590831918505943
0.06112054329371817	0.10865874363327674	0.7758913412563667	0.05432937181663837
0.11460101867572156	0.2470288624787776	0.5959252971137521	0.042444821731748725
0.6188455008488964	0.08743633276740238	0.10101867572156197	0.1926994906621392
0.11884550084889643	0.13752122241086587	0.5916808149405772	0.15195246179966043

#ID = Fly_sub2.txt
#W = 9
0.2746090156393744	0.2529898804047838	0.16697332106715732	0.30542778288868444
0.32428702851885927	0.13799448022079117	0.19411223551057957	0.34360625574977
0.11499540018399264	0.23781048758049678	0.32106715731370744	0.3261269549218031
0.0	1.0	0.0	0.0
0.265409383624655	0.10211591536338546	0.5137994480220791	0.11867525298988041
0.05749770009199632	0.11453541858325667	0.7506899724011039	0.07727690892364306
0.20193192272309107	0.21665133394664213	0.47010119595216193	0.11131554737810488
0.23367065317387303	0.11729530818767249	0.546918123275069	0.10211591536338546
0.2281508739650414	0.2580496780128795	0.2736890524379025	0.24011039558417663

#ID = Fly_sub3.txt
#W = 9
0.2921851667496267	0.2531110004977601	0.18118466898954705	0.2735191637630662
0.3588850174216028	0.10353409656545545	0.23270283723245397	0.3048780487804878
0.20408163265306123	0.164509706321553	0.2926829268292683	0.33872573419611746
0.0	1.0	0.0	0.0
0.1493280238924838	0.15555002488800398	0.6652563464410154	0.029865604778496764
0.5355898456943753	0.14659034345445496	0.21030363364858137	0.10751617720258835
0.27501244400199104	0.11423593827775012	0.49950223992035836	0.11124937779990045
0.15306122448979592	0.0935788949726232	0.6737182677949228	0.07964161274265803
0.3041314086610254	0.17073170731707318	0.2658038825286212	0.25933300149328026

#ID = Human_TypeI.txt
#W = 9
0.24223888450407788	0.2857800578795054	0.23983820047355958	0.23214285714285715
0.2603920021047093	0.3220534069981584	0.18248487240199948	0.23506971849513286
0.16946198368850302	0.27127729544856616	0.2919297553275454	0.26733096553538543
0.0	1.0	0.0	0.0
0.3759536963956853	0.15259142330965536	0.39588266245724807	0.0755722178374112
0.1851815311760063	0.061365430149960536	0.6992567745330176	0.05419626414101552
0.17465798474085767	0.10372270455143383	0.6784398842409892	0.04317942646671928
0.21481189160747172	0.13318863456985003	0.5378189950013155	0.1141804788213628
0.21244409365956327	0.24414627729544858	0.3626677190213102	0.18074191002367798

#ID = Mouse_TypeI.txt
#W = 9
0.2653946227233304	0.2654883851761562	0.2392583389981482	0.22985865310236517
0.3076580483345444	0.27284873772297885	0.1863059937647969	0.23318722017767984
0.19474461451911582	0.2503926302712079	0.27957619371322756	0.27528656149644876
0.0	1.0	0.0	0.0
0.41079674644288694	0.16284193994514898	0.3332317573427721	0.093129556269192
0.21124680621645062	0.07852605424157896	0.6413117367150325	0.06891540282693795
0.20995757249009633	0.12142237640936687	0.606408663650641	0.06221138744989569
0.24078197885656688	0.13529921942758022	0.49227631794847754	0.13164248376737536
0.23637514357375589	0.2233890438573873	0.34378003328567075	0.19645577928318605

#ID = XL_TypeI.txt
#W = 9
0.3607764743016466	0.17717923089063076	0.1838602767110316	0.278184018096691
0.3793466252827608	0.21936977221316217	0.14230101530853806	0.25898258719553896
0.25693092745541585	0.19006786259140407	0.22599821137355988	0.3270029985796202
0.0	1.0	0.0	0.0
0.42816560576568996	0.1364616760481877	0.34825608922089535	0.087116628965227
0.27886790467673206	0.0456099742227366	0.6060813298963649	0.06944079120416645
0.27892051133673523	0.06549529170392972	0.6004524172760272	0.05513177968330791
0.30422431479825346	0.08175074964490504	0.44552580356673155	0.16849913199010993
0.28491767057709505	0.13746120258824768	0.32158451259929505	0.25603661423536217

#ID = XT_TypeI.txt
#W = 9
0.33326930464848253	0.19509540274042772	0.18856447688564476	0.283070815725445
0.3725829171468818	0.22454859777180178	0.15328467153284672	0.2495838135484697
0.2373543347419644	0.20066589832244847	0.2426687155845819	0.31931105135100524
0.0	1.0	0.0	0.0
0.37821744141375335	0.14041490587783326	0.4113843001664746	0.06998335254193878
0.255986682033551	0.051927263414009474	0.6296580868228967	0.06242796772954284
0.2589960302215393	0.07126392623895506	0.6154437187860161	0.05429632475348956
0.2830067870405942	0.08778332693046485	0.47867844794467923	0.15053143808426175
0.2875528236650019	0.1521961838903829	0.32853118196952236	0.23171981047509285

#ID = ZF_TypeI.txt
#W = 9
0.27968732038165306	0.23209564317737671	0.2661225428210139	0.2220944936199563
0.3864812047361766	0.17369812622140476	0.170134498218186	0.2696861708242327
0.23186573169329808	0.16990458673410738	0.25232785377629613	0.3459018277962984
0.0	1.0	0.0	0.0
0.3767099666628348	0.12081848488331992	0.4433842970456374	0.05908725140820784
0.2770433383147488	0.05529371192091045	0.6105299459708012	0.057133003793539486
0.2583055523623405	0.09322910679388435	0.5862742844005058	0.06219105644326934
0.29647085871939305	0.08874583285435107	0.4770663294631567	0.1377169789630992
0.271640418438901	0.1756523738360731	0.3356707667547994	0.21703644097022645

