MEME version 5.4.1 (Sat Aug 21 19:23:23 2021 -0700)

ALPHABET= ACGU

Background letter frequencies (from uniform background):
A 0.25000 C 0.25000 G 0.25000 U 0.25000 

MOTIF 1 NDWWWUUUYUCUUUUUWHWWW

letter-probability matrix: alength= 4 w= 21 nsites= 151 E= 0
  0.198675	  0.139073	  0.132450	  0.529801	
  0.145695	  0.112583	  0.145695	  0.596026	
  0.165563	  0.099338	  0.092715	  0.642384	
  0.192053	  0.105960	  0.099338	  0.602649	
  0.205298	  0.105960	  0.112583	  0.576159	
  0.145695	  0.099338	  0.099338	  0.655629	
  0.152318	  0.079470	  0.099338	  0.668874	
  0.119205	  0.086093	  0.092715	  0.701987	
  0.125828	  0.132450	  0.119205	  0.622517	
  0.152318	  0.026490	  0.152318	  0.668874	
  0.000000	  1.000000	  0.000000	  0.000000	
  0.139073	  0.079470	  0.026490	  0.754967	
  0.052980	  0.099338	  0.072848	  0.774834	
  0.052980	  0.046358	  0.066225	  0.834437	
  0.079470	  0.092715	  0.072848	  0.754967	
  0.086093	  0.079470	  0.079470	  0.754967	
  0.178808	  0.072848	  0.086093	  0.662252	
  0.192053	  0.158940	  0.099338	  0.549669	
  0.231788	  0.099338	  0.079470	  0.589404	
  0.198675	  0.125828	  0.099338	  0.576159	
  0.211921	  0.105960	  0.092715	  0.589404	

MOTIF 2 HVNVHABMNWCACACACACAY

letter-probability matrix: alength= 4 w= 21 nsites= 44 E= 0
  0.227273	  0.386364	  0.045455	  0.340909	
  0.477273	  0.181818	  0.227273	  0.113636	
  0.136364	  0.500000	  0.159091	  0.204545	
  0.522727	  0.159091	  0.204545	  0.113636	
  0.159091	  0.590909	  0.113636	  0.136364	
  0.659091	  0.136364	  0.136364	  0.068182	
  0.090909	  0.477273	  0.227273	  0.204545	
  0.636364	  0.159091	  0.136364	  0.068182	
  0.181818	  0.431818	  0.136364	  0.250000	
  0.613636	  0.045455	  0.090909	  0.250000	
  0.000000	  1.000000	  0.000000	  0.000000	
  0.863636	  0.022727	  0.090909	  0.022727	
  0.022727	  0.772727	  0.204545	  0.000000	
  0.840909	  0.045455	  0.068182	  0.045455	
  0.090909	  0.886364	  0.022727	  0.000000	
  0.840909	  0.068182	  0.068182	  0.022727	
  0.022727	  0.840909	  0.045455	  0.090909	
  0.886364	  0.045455	  0.022727	  0.045455	
  0.068182	  0.818182	  0.090909	  0.022727	
  0.818182	  0.136364	  0.022727	  0.022727	
  0.136364	  0.636364	  0.068182	  0.159091	

MOTIF 3 DNHSDNDNNKCRYBDBBDNRN

letter-probability matrix: alength= 4 w= 21 nsites= 62 E= 0
  0.161290	  0.112903	  0.290323	  0.435484	
  0.258065	  0.290323	  0.258065	  0.193548	
  0.274194	  0.161290	  0.064516	  0.500000	
  0.080645	  0.338710	  0.500000	  0.080645	
  0.322581	  0.048387	  0.193548	  0.435484	
  0.177419	  0.129032	  0.467742	  0.225806	
  0.161290	  0.064516	  0.209677	  0.564516	
  0.145161	  0.129032	  0.483871	  0.241935	
  0.258065	  0.129032	  0.161290	  0.451613	
  0.112903	  0.080645	  0.354839	  0.451613	
  0.000000	  1.000000	  0.000000	  0.000000	
  0.500000	  0.096774	  0.306452	  0.096774	
  0.096774	  0.193548	  0.064516	  0.645161	
  0.112903	  0.258065	  0.370968	  0.258065	
  0.209677	  0.096774	  0.209677	  0.483871	
  0.080645	  0.209677	  0.500000	  0.209677	
  0.080645	  0.258065	  0.225806	  0.435484	
  0.290323	  0.096774	  0.403226	  0.209677	
  0.129032	  0.129032	  0.387097	  0.354839	
  0.241935	  0.112903	  0.580645	  0.064516	
  0.161290	  0.161290	  0.258065	  0.419355	

MOTIF 4 DHNNYNNNHWCAAAAAAAAAA

letter-probability matrix: alength= 4 w= 21 nsites= 100 E= 0
  0.290000	  0.080000	  0.220000	  0.410000	
  0.360000	  0.140000	  0.110000	  0.390000	
  0.170000	  0.230000	  0.160000	  0.440000	
  0.180000	  0.190000	  0.130000	  0.500000	
  0.090000	  0.370000	  0.130000	  0.410000	
  0.200000	  0.270000	  0.130000	  0.400000	
  0.180000	  0.160000	  0.180000	  0.480000	
  0.180000	  0.140000	  0.230000	  0.450000	
  0.160000	  0.300000	  0.110000	  0.430000	
  0.260000	  0.070000	  0.110000	  0.560000	
  0.000000	  1.000000	  0.000000	  0.000000	
  0.850000	  0.030000	  0.030000	  0.090000	
  0.750000	  0.100000	  0.100000	  0.050000	
  0.760000	  0.050000	  0.090000	  0.100000	
  0.700000	  0.070000	  0.170000	  0.060000	
  0.700000	  0.120000	  0.080000	  0.100000	
  0.760000	  0.030000	  0.090000	  0.120000	
  0.770000	  0.060000	  0.060000	  0.110000	
  0.710000	  0.040000	  0.120000	  0.130000	
  0.700000	  0.110000	  0.080000	  0.110000	
  0.700000	  0.080000	  0.100000	  0.120000	

MOTIF 5 DMAAAAAAARCAAAWAADNDN

letter-probability matrix: alength= 4 w= 21 nsites= 150 E= 0
  0.560000	  0.113333	  0.160000	  0.166667	
  0.626667	  0.146667	  0.126667	  0.100000	
  0.666667	  0.060000	  0.153333	  0.120000	
  0.706667	  0.113333	  0.020000	  0.160000	
  0.746667	  0.080000	  0.080000	  0.093333	
  0.700000	  0.093333	  0.113333	  0.093333	
  0.733333	  0.086667	  0.133333	  0.046667	
  0.760000	  0.106667	  0.080000	  0.053333	
  0.680000	  0.073333	  0.133333	  0.113333	
  0.646667	  0.093333	  0.153333	  0.106667	
  0.000000	  1.000000	  0.000000	  0.000000	
  0.826667	  0.060000	  0.033333	  0.080000	
  0.713333	  0.093333	  0.106667	  0.086667	
  0.693333	  0.106667	  0.080000	  0.120000	
  0.660000	  0.080000	  0.080000	  0.180000	
  0.666667	  0.100000	  0.113333	  0.120000	
  0.646667	  0.140000	  0.106667	  0.106667	
  0.580000	  0.113333	  0.146667	  0.160000	
  0.573333	  0.126667	  0.126667	  0.173333	
  0.486667	  0.106667	  0.200000	  0.206667	
  0.440000	  0.160000	  0.153333	  0.246667	

MOTIF 6 VDDKGKGNDBCNGNKKKNGBG

letter-probability matrix: alength= 4 w= 21 nsites= 59 E= 0
  0.135593	  0.220339	  0.525424	  0.118644	
  0.152542	  0.067797	  0.237288	  0.542373	
  0.169492	  0.118644	  0.508475	  0.203390	
  0.118644	  0.118644	  0.220339	  0.542373	
  0.084746	  0.135593	  0.661017	  0.118644	
  0.135593	  0.084746	  0.305085	  0.474576	
  0.135593	  0.118644	  0.644068	  0.101695	
  0.220339	  0.135593	  0.237288	  0.406780	
  0.220339	  0.101695	  0.491525	  0.186441	
  0.050847	  0.203390	  0.423729	  0.322034	
  0.000000	  1.000000	  0.000000	  0.000000	
  0.220339	  0.169492	  0.169492	  0.440678	
  0.067797	  0.101695	  0.728814	  0.101695	
  0.169492	  0.135593	  0.254237	  0.440678	
  0.067797	  0.101695	  0.576271	  0.254237	
  0.135593	  0.050847	  0.254237	  0.559322	
  0.050847	  0.101695	  0.576271	  0.271186	
  0.135593	  0.169492	  0.254237	  0.440678	
  0.067797	  0.152542	  0.661017	  0.118644	
  0.067797	  0.203390	  0.237288	  0.491525	
  0.135593	  0.084746	  0.694915	  0.084746	

MOTIF 7 NNNNNHNNNHCMNNNNNNNNN

letter-probability matrix: alength= 4 w= 21 nsites= 194 E= 0
  0.335052	  0.283505	  0.154639	  0.226804	
  0.247423	  0.175258	  0.314433	  0.262887	
  0.252577	  0.185567	  0.319588	  0.242268	
  0.365979	  0.242268	  0.242268	  0.149485	
  0.391753	  0.164948	  0.221649	  0.221649	
  0.340206	  0.170103	  0.108247	  0.381443	
  0.231959	  0.185567	  0.252577	  0.329897	
  0.335052	  0.278351	  0.231959	  0.154639	
  0.262887	  0.226804	  0.144330	  0.365979	
  0.221649	  0.190722	  0.108247	  0.479381	
  0.000000	  1.000000	  0.000000	  0.000000	
  0.592784	  0.237113	  0.061856	  0.108247	
  0.185567	  0.458763	  0.206186	  0.149485	
  0.360825	  0.257732	  0.180412	  0.201031	
  0.304124	  0.216495	  0.319588	  0.159794	
  0.247423	  0.298969	  0.206186	  0.247423	
  0.376289	  0.128866	  0.226804	  0.268041	
  0.159794	  0.237113	  0.365979	  0.237113	
  0.360825	  0.206186	  0.154639	  0.278351	
  0.247423	  0.231959	  0.221649	  0.298969	
  0.257732	  0.185567	  0.242268	  0.314433	

MOTIF 8 GSAGCWGSWGCWGSDGSNGSH

letter-probability matrix: alength= 4 w= 21 nsites= 85 E= 0
  0.070588	  0.129412	  0.694118	  0.105882	
  0.082353	  0.552941	  0.258824	  0.105882	
  0.647059	  0.117647	  0.094118	  0.141176	
  0.094118	  0.082353	  0.752941	  0.070588	
  0.164706	  0.670588	  0.129412	  0.035294	
  0.611765	  0.058824	  0.082353	  0.247059	
  0.070588	  0.058824	  0.823529	  0.047059	
  0.105882	  0.564706	  0.200000	  0.129412	
  0.529412	  0.094118	  0.058824	  0.317647	
  0.011765	  0.164706	  0.752941	  0.070588	
  0.000000	  1.000000	  0.000000	  0.000000	
  0.611765	  0.105882	  0.129412	  0.152941	
  0.105882	  0.164706	  0.694118	  0.035294	
  0.141176	  0.564706	  0.258824	  0.035294	
  0.552941	  0.082353	  0.152941	  0.211765	
  0.117647	  0.152941	  0.670588	  0.058824	
  0.117647	  0.623529	  0.141176	  0.117647	
  0.458824	  0.152941	  0.141176	  0.247059	
  0.129412	  0.117647	  0.658824	  0.094118	
  0.035294	  0.611765	  0.211765	  0.141176	
  0.494118	  0.188235	  0.094118	  0.223529	

MOTIF 9 NSHNBHHBYHCHHBYHBYHBY

letter-probability matrix: alength= 4 w= 21 nsites= 103 E= 0
  0.155340	  0.330097	  0.145631	  0.368932	
  0.126214	  0.553398	  0.203883	  0.116505	
  0.174757	  0.514563	  0.097087	  0.213592	
  0.242718	  0.213592	  0.145631	  0.398058	
  0.116505	  0.456311	  0.223301	  0.203883	
  0.252427	  0.475728	  0.106796	  0.165049	
  0.184466	  0.194175	  0.087379	  0.533981	
  0.116505	  0.592233	  0.145631	  0.145631	
  0.077670	  0.446602	  0.067961	  0.407767	
  0.203883	  0.300971	  0.019417	  0.475728	
  0.000000	  1.000000	  0.000000	  0.000000	
  0.145631	  0.601942	  0.067961	  0.184466	
  0.271845	  0.320388	  0.077670	  0.330097	
  0.077670	  0.563107	  0.165049	  0.194175	
  0.106796	  0.640777	  0.097087	  0.155340	
  0.233010	  0.242718	  0.087379	  0.436893	
  0.116505	  0.524272	  0.174757	  0.184466	
  0.106796	  0.572816	  0.116505	  0.203883	
  0.194175	  0.417476	  0.048544	  0.339806	
  0.067961	  0.417476	  0.174757	  0.339806	
  0.097087	  0.572816	  0.087379	  0.242718	

MOTIF 10 CNBSNBCHKSCKCMBCCKCHK

letter-probability matrix: alength= 4 w= 21 nsites= 63 E= 0
  0.079365	  0.666667	  0.142857	  0.111111	
  0.158730	  0.317460	  0.333333	  0.190476	
  0.079365	  0.238095	  0.507937	  0.174603	
  0.095238	  0.666667	  0.190476	  0.047619	
  0.238095	  0.396825	  0.206349	  0.158730	
  0.111111	  0.174603	  0.460317	  0.253968	
  0.079365	  0.714286	  0.095238	  0.111111	
  0.142857	  0.476190	  0.095238	  0.285714	
  0.079365	  0.111111	  0.603175	  0.206349	
  0.031746	  0.666667	  0.206349	  0.095238	
  0.000000	  1.000000	  0.000000	  0.000000	
  0.063492	  0.063492	  0.666667	  0.206349	
  0.000000	  0.920635	  0.063492	  0.015873	
  0.190476	  0.650794	  0.095238	  0.063492	
  0.031746	  0.174603	  0.634921	  0.158730	
  0.047619	  0.825397	  0.095238	  0.031746	
  0.126984	  0.714286	  0.047619	  0.111111	
  0.063492	  0.063492	  0.650794	  0.222222	
  0.000000	  0.857143	  0.095238	  0.047619	
  0.174603	  0.571429	  0.111111	  0.142857	
  0.000000	  0.111111	  0.603175	  0.285714	

MOTIF 11 SVVSNSGBGGCRGSSGSGGVV

letter-probability matrix: alength= 4 w= 21 nsites= 104 E= 0
  0.115385	  0.201923	  0.596154	  0.086538	
  0.173077	  0.413462	  0.336538	  0.076923	
  0.192308	  0.192308	  0.567308	  0.048077	
  0.153846	  0.173077	  0.653846	  0.019231	
  0.134615	  0.519231	  0.211538	  0.134615	
  0.038462	  0.240385	  0.653846	  0.067308	
  0.067308	  0.076923	  0.750000	  0.105769	
  0.096154	  0.490385	  0.278846	  0.134615	
  0.076923	  0.125000	  0.701923	  0.096154	
  0.076923	  0.067308	  0.826923	  0.028846	
  0.000000	  1.000000	  0.000000	  0.000000	
  0.163462	  0.125000	  0.653846	  0.057692	
  0.019231	  0.144231	  0.807692	  0.028846	
  0.105769	  0.576923	  0.211538	  0.105769	
  0.153846	  0.182692	  0.644231	  0.019231	
  0.134615	  0.153846	  0.692308	  0.019231	
  0.115385	  0.528846	  0.230769	  0.125000	
  0.096154	  0.144231	  0.701923	  0.057692	
  0.028846	  0.163462	  0.682692	  0.125000	
  0.144231	  0.500000	  0.278846	  0.076923	
  0.182692	  0.153846	  0.605769	  0.057692	

MOTIF 12 NNNNNNNNNSCVNBNNVNNNN

letter-probability matrix: alength= 4 w= 21 nsites= 449 E= 0
  0.213808	  0.325167	  0.298441	  0.162584	
  0.144766	  0.331849	  0.320713	  0.202673	
  0.169265	  0.316258	  0.327394	  0.187082	
  0.160356	  0.349666	  0.318486	  0.171492	
  0.126949	  0.336303	  0.322940	  0.213808	
  0.149220	  0.349666	  0.345212	  0.155902	
  0.222717	  0.340757	  0.267261	  0.169265	
  0.131403	  0.289532	  0.363029	  0.216036	
  0.155902	  0.293987	  0.374165	  0.175947	
  0.111359	  0.314031	  0.447661	  0.126949	
  0.000000	  1.000000	  0.000000	  0.000000	
  0.198218	  0.434298	  0.244989	  0.122494	
  0.175947	  0.345212	  0.345212	  0.133630	
  0.122494	  0.340757	  0.400891	  0.135857	
  0.129176	  0.367483	  0.342984	  0.160356	
  0.160356	  0.356347	  0.322940	  0.160356	
  0.140312	  0.443207	  0.293987	  0.122494	
  0.178174	  0.418708	  0.253898	  0.149220	
  0.167038	  0.338530	  0.311804	  0.182628	
  0.167038	  0.376392	  0.325167	  0.131403	
  0.140312	  0.389755	  0.311804	  0.158129	

