>NNNNNAATTATT	2-NNNNNAATTATT	5.808135	-17145.668619	0	T:18794.0(17.11%),B:9952.2(1.94%),P:1e-7446
0.219	0.251	0.317	0.214
0.269	0.243	0.256	0.231
0.221	0.248	0.283	0.248
0.231	0.277	0.288	0.204
0.183	0.308	0.237	0.272
0.482	0.196	0.060	0.262
0.953	0.008	0.028	0.011
0.117	0.061	0.001	0.821
0.001	0.391	0.053	0.555
0.626	0.045	0.277	0.052
0.298	0.019	0.049	0.634
0.001	0.001	0.297	0.701
