>YCTCCARR	1-YCTCCARR	4.617877	-6358.518155	0	T:8640.0(20.70%),B:5266.8(3.19%),P:1e-2761	Tpos:12.7,Tstd:1.4,Bpos:10.5,Bstd:7.4,StrandBias:10.0,Multiplicity:1.01
0.184	0.446	0.001	0.369
0.001	0.997	0.001	0.001
0.001	0.001	0.001	0.997
0.001	0.997	0.001	0.001
0.001	0.997	0.001	0.001
0.997	0.001	0.001	0.001
0.340	0.029	0.428	0.203
0.294	0.195	0.348	0.163
>YYCCGGGG	2-YYCCGGGG	3.258096	-2911.694831	0	T:12120.0(29.04%),B:21063.4(12.77%),P:1e-1264	Tpos:11.0,Tstd:2.1,Bpos:10.5,Bstd:5.8,StrandBias:10.0,Multiplicity:1.02
0.110	0.394	0.060	0.436
0.054	0.479	0.029	0.438
0.001	0.726	0.060	0.213
0.128	0.589	0.282	0.001
0.198	0.265	0.536	0.001
0.113	0.001	0.885	0.001
0.206	0.001	0.792	0.001
0.265	0.090	0.577	0.068
>CRGGGYYT	3-CRGGGYYT	4.679981	-1685.200972	0	T:5825.0(13.96%),B:8559.9(5.19%),P:1e-731	Tpos:12.4,Tstd:3.6,Bpos:10.2,Bstd:6.8,StrandBias:10.0,Multiplicity:1.01
0.003	0.995	0.001	0.001
0.474	0.018	0.409	0.099
0.113	0.001	0.885	0.001
0.266	0.001	0.732	0.001
0.283	0.081	0.635	0.001
0.184	0.395	0.095	0.326
0.105	0.376	0.079	0.440
0.035	0.257	0.150	0.558
>CTCCACGG	4-CTCCACGG	6.934684	-940.210076	0	T:1228.0(2.94%),B:620.5(0.38%),P:1e-408	Tpos:12.6,Tstd:3.2,Bpos:10.2,Bstd:7.7,StrandBias:10.0,Multiplicity:1.00
0.001	0.997	0.001	0.001
0.001	0.001	0.001	0.997
0.001	0.997	0.001	0.001
0.001	0.997	0.001	0.001
0.997	0.001	0.001	0.001
0.021	0.863	0.001	0.115
0.068	0.001	0.685	0.246
0.001	0.001	0.796	0.202
>TWHNCRGG	5-TWHNCRGG	3.650619	-936.192271	0	T:3212.0(7.70%),B:4585.1(2.78%),P:1e-406	Tpos:9.6,Tstd:2.3,Bpos:10.9,Bstd:6.0,StrandBias:10.0,Multiplicity:1.00
0.250	0.074	0.175	0.501
0.260	0.113	0.226	0.402
0.285	0.229	0.158	0.329
0.254	0.230	0.245	0.271
0.208	0.766	0.001	0.025
0.448	0.133	0.385	0.033
0.332	0.081	0.496	0.091
0.268	0.052	0.678	0.002
>TCNHCGAG	6-TCNHCGAG	3.892967	-679.654908	0	T:3608.0(8.65%),B:6567.8(3.98%),P:1e-295	Tpos:10.3,Tstd:3.2,Bpos:10.3,Bstd:5.7,StrandBias:10.0,Multiplicity:1.02
0.302	0.105	0.127	0.466
0.202	0.450	0.221	0.127
0.265	0.252	0.294	0.189
0.329	0.243	0.094	0.334
0.006	0.666	0.318	0.010
0.232	0.022	0.711	0.035
0.569	0.026	0.183	0.222
0.067	0.040	0.863	0.030
>CCAGGTGA	7-CCAGGTGA	4.938790	-361.900907	0	T:1336.0(3.20%),B:1970.2(1.19%),P:1e-157	Tpos:12.3,Tstd:2.8,Bpos:10.4,Bstd:6.7,StrandBias:10.0,Multiplicity:1.01
0.189	0.496	0.215	0.100
0.001	0.997	0.001	0.001
0.973	0.001	0.001	0.025
0.001	0.001	0.997	0.001
0.001	0.001	0.997	0.001
0.002	0.001	0.011	0.986
0.347	0.001	0.651	0.001
0.623	0.086	0.180	0.111
>CTGGRGMA	8-CTGGRGMA	4.852920	-319.993169	0	T:2498.0(5.99%),B:5292.2(3.21%),P:1e-138	Tpos:11.0,Tstd:4.3,Bpos:10.5,Bstd:6.5,StrandBias:10.0,Multiplicity:1.03
0.001	0.892	0.001	0.106
0.068	0.001	0.221	0.710
0.001	0.001	0.997	0.001
0.184	0.177	0.638	0.001
0.508	0.001	0.410	0.081
0.237	0.144	0.443	0.177
0.425	0.337	0.090	0.148
0.608	0.163	0.001	0.228
>CTCTAWRA	9-CTCTAWRA	2.472989	-289.018284	0	T:719.0(1.72%),B:793.4(0.48%),P:1e-125	Tpos:13.2,Tstd:2.4,Bpos:10.8,Bstd:6.0,StrandBias:10.0,Multiplicity:1.01
0.001	0.997	0.001	0.001
0.001	0.001	0.001	0.997
0.001	0.997	0.001	0.001
0.001	0.001	0.001	0.997
0.997	0.001	0.001	0.001
0.494	0.111	0.001	0.395
0.432	0.001	0.486	0.081
0.465	0.155	0.199	0.181
>TCRAGGTT	10-TCRAGGTT	5.826912	-285.062021	0	T:687.0(1.65%),B:737.4(0.45%),P:1e-123	Tpos:11.9,Tstd:3.1,Bpos:9.6,Bstd:5.2,StrandBias:10.0,Multiplicity:1.00
0.011	0.028	0.073	0.888
0.001	0.997	0.001	0.001
0.368	0.135	0.496	0.001
0.704	0.001	0.293	0.002
0.217	0.001	0.557	0.225
0.001	0.001	0.805	0.193
0.192	0.135	0.001	0.672
0.242	0.180	0.150	0.427
>GCCAAATG	11-GCCAAATG	7.534897	-250.724710	0	T:317.0(0.76%),B:151.5(0.09%),P:1e-108	Tpos:11.8,Tstd:1.4,Bpos:9.7,Bstd:6.0,StrandBias:10.0,Multiplicity:1.00
0.001	0.001	0.997	0.001
0.001	0.997	0.001	0.001
0.001	0.997	0.001	0.001
0.997	0.001	0.001	0.001
0.723	0.240	0.001	0.036
0.808	0.001	0.097	0.094
0.001	0.001	0.001	0.997
0.001	0.001	0.997	0.001
>ACAAGMTG	12-ACAAGMTG	5.717242	-203.274599	0	T:1139.0(2.73%),B:2097.2(1.27%),P:1e-88	Tpos:11.4,Tstd:3.7,Bpos:10.2,Bstd:7.0,StrandBias:10.0,Multiplicity:1.00
0.566	0.177	0.187	0.070
0.001	0.997	0.001	0.001
0.771	0.001	0.220	0.008
0.770	0.001	0.228	0.001
0.001	0.001	0.997	0.001
0.396	0.390	0.213	0.001
0.001	0.001	0.001	0.997
0.001	0.001	0.997	0.001
>GCGGCWGC	13-GCGGCWGC	6.386950	-140.362553	0	T:1052.0(2.52%),B:2186.8(1.33%),P:1e-60	Tpos:10.8,Tstd:4.1,Bpos:10.6,Bstd:6.9,StrandBias:10.0,Multiplicity:1.03
0.001	0.001	0.976	0.022
0.001	0.997	0.001	0.001
0.286	0.001	0.474	0.239
0.001	0.001	0.997	0.001
0.001	0.633	0.322	0.044
0.441	0.001	0.034	0.524
0.071	0.001	0.927	0.001
0.001	0.988	0.001	0.010
>CAGGAAAT	14-CAGGAAAT	3.856687	-126.776998	0	T:308.0(0.74%),B:335.6(0.20%),P:1e-55	Tpos:11.9,Tstd:4.1,Bpos:10.6,Bstd:7.0,StrandBias:10.0,Multiplicity:1.00
0.001	0.997	0.001	0.001
0.997	0.001	0.001	0.001
0.001	0.001	0.997	0.001
0.001	0.001	0.997	0.001
0.997	0.001	0.001	0.001
0.942	0.056	0.001	0.001
0.735	0.001	0.263	0.001
0.001	0.001	0.001	0.997
>TTCAGGAA	15-TTCAGGAA	6.625084	-126.630367	0	T:476.0(1.14%),B:711.4(0.43%),P:1e-54	Tpos:10.2,Tstd:3.4,Bpos:11.6,Bstd:6.6,StrandBias:10.0,Multiplicity:1.00
0.080	0.001	0.001	0.918
0.001	0.001	0.338	0.660
0.001	0.997	0.001	0.001
0.777	0.001	0.001	0.221
0.089	0.001	0.844	0.066
0.252	0.001	0.746	0.001
0.524	0.001	0.268	0.207
0.997	0.001	0.001	0.001
>AGCTGCWG	16-AGCTGCWG	7.568581	-100.556924	0	T:339.0(0.81%),B:474.4(0.29%),P:1e-43	Tpos:10.9,Tstd:4.4,Bpos:10.2,Bstd:8.6,StrandBias:10.0,Multiplicity:1.01
0.997	0.001	0.001	0.001
0.001	0.001	0.997	0.001
0.001	0.997	0.001	0.001
0.001	0.001	0.001	0.997
0.001	0.096	0.902	0.001
0.001	0.584	0.414	0.001
0.535	0.001	0.001	0.463
0.001	0.001	0.997	0.001
>SCARATGT	17-SCARATGT	8.321628	-77.224201	0	T:121.0(0.29%),B:83.2(0.05%),P:1e-33	Tpos:12.1,Tstd:3.6,Bpos:10.9,Bstd:6.4,StrandBias:10.0,Multiplicity:1.00
0.179	0.436	0.385	0.001
0.001	0.814	0.071	0.114
0.964	0.034	0.001	0.001
0.359	0.219	0.421	0.001
0.637	0.001	0.255	0.107
0.014	0.001	0.013	0.972
0.001	0.001	0.927	0.071
0.001	0.108	0.001	0.890
>CGCGGCGC	18-CGCGGCGC	8.232499	-76.139650	0	T:262.0(0.63%),B:373.4(0.23%),P:1e-33	Tpos:11.7,Tstd:3.5,Bpos:10.5,Bstd:3.3,StrandBias:10.0,Multiplicity:1.07
0.037	0.929	0.001	0.033
0.001	0.017	0.981	0.001
0.109	0.767	0.123	0.001
0.001	0.001	0.982	0.016
0.018	0.001	0.980	0.001
0.220	0.679	0.085	0.016
0.020	0.001	0.960	0.019
0.029	0.921	0.021	0.029
>TGTTGCCA	19-TGTTGCCA	4.161567	-55.195865	0	T:106.0(0.25%),B:94.3(0.06%),P:1e-23	Tpos:8.5,Tstd:1.9,Bpos:11.3,Bstd:6.6,StrandBias:10.0,Multiplicity:1.00
0.001	0.001	0.177	0.821
0.001	0.001	0.997	0.001
0.001	0.001	0.001	0.997
0.001	0.001	0.001	0.997
0.001	0.001	0.997	0.001
0.001	0.997	0.001	0.001
0.001	0.997	0.001	0.001
0.997	0.001	0.001	0.001
>CCTCTAGT	20-CCTCTAGT	4.278590	-48.712869	0	T:247.0(0.59%),B:440.1(0.27%),P:1e-21	Tpos:12.1,Tstd:2.4,Bpos:9.8,Bstd:6.1,StrandBias:10.0,Multiplicity:1.00
0.062	0.767	0.001	0.170
0.001	0.997	0.001	0.001
0.001	0.001	0.001	0.997
0.001	0.997	0.001	0.001
0.001	0.001	0.059	0.939
0.997	0.001	0.001	0.001
0.001	0.001	0.997	0.001
0.007	0.084	0.076	0.833
>GCSGCCGC	21-GCSGCCGC	8.075707	-48.664955	0	T:300.0(0.72%),B:583.5(0.35%),P:1e-21	Tpos:10.0,Tstd:4.5,Bpos:10.6,Bstd:4.2,StrandBias:10.0,Multiplicity:1.02
0.001	0.001	0.997	0.001
0.001	0.883	0.067	0.049
0.001	0.440	0.558	0.001
0.315	0.001	0.683	0.001
0.001	0.751	0.247	0.001
0.001	0.605	0.010	0.384
0.001	0.001	0.997	0.001
0.353	0.645	0.001	0.001
>CATCGRGA	22-CATCGRGA	7.231462	-41.208065	0	T:98.0(0.23%),B:108.9(0.07%),P:1e-17	Tpos:9.9,Tstd:2.8,Bpos:9.8,Bstd:3.9,StrandBias:10.0,Multiplicity:1.00
0.001	0.718	0.001	0.280
0.820	0.001	0.178	0.001
0.001	0.001	0.001	0.997
0.001	0.997	0.001	0.001
0.001	0.001	0.969	0.029
0.442	0.001	0.556	0.001
0.001	0.001	0.997	0.001
0.997	0.001	0.001	0.001
>CCCAGGCT	23-CCCAGGCT	11.066318	-38.946590	0	T:102.0(0.24%),B:123.0(0.07%),P:1e-16	Tpos:11.4,Tstd:2.5,Bpos:11.2,Bstd:5.2,StrandBias:10.0,Multiplicity:1.00
0.001	0.997	0.001	0.001
0.001	0.997	0.001	0.001
0.001	0.997	0.001	0.001
0.997	0.001	0.001	0.001
0.001	0.001	0.997	0.001
0.001	0.001	0.997	0.001
0.001	0.997	0.001	0.001
0.001	0.001	0.001	0.997
>ASCGGGTG	24-ASCGGGTG	9.242122	-19.025299	0	T:91.0(0.22%),B:164.0(0.10%),P:1e-8	Tpos:11.5,Tstd:2.6,Bpos:10.3,Bstd:4.6,StrandBias:10.0,Multiplicity:1.00
0.663	0.001	0.001	0.335
0.044	0.427	0.528	0.001
0.001	0.997	0.001	0.001
0.094	0.001	0.904	0.001
0.001	0.001	0.997	0.001
0.001	0.001	0.997	0.001
0.001	0.001	0.001	0.997
0.001	0.001	0.997	0.001
>CWCAGGWC	25-CWCAGGWC	8.663400	-15.791012	0	T:73.0(0.17%),B:130.8(0.08%),P:1e-6	Tpos:10.8,Tstd:3.0,Bpos:11.5,Bstd:8.2,StrandBias:10.0,Multiplicity:1.00
0.001	0.730	0.268	0.001
0.389	0.001	0.115	0.495
0.001	0.977	0.021	0.001
0.997	0.001	0.001	0.001
0.014	0.001	0.984	0.001
0.075	0.023	0.901	0.001
0.478	0.001	0.001	0.520
0.001	0.592	0.406	0.001
