>YCTCCARVNN	1-YCTCCARVNN	1.841921	-7327.763847	0	T:9764.0(23.40%),B:5891.8(3.57%),P:1e-3182	Tpos:13.6,Tstd:1.6,Bpos:10.5,Bstd:6.2,StrandBias:10.0,Multiplicity:1.01
0.219	0.445	0.001	0.335
0.001	0.997	0.001	0.001
0.001	0.001	0.001	0.997
0.001	0.997	0.001	0.001
0.001	0.908	0.001	0.090
0.997	0.001	0.001	0.001
0.269	0.178	0.382	0.171
0.330	0.229	0.263	0.178
0.274	0.238	0.267	0.222
0.237	0.260	0.254	0.250
>CCCGGGGSCC	2-CCCGGGGSCC	3.021590	-2437.369887	0	T:13290.0(31.85%),B:26480.6(16.06%),P:1e-1058	Tpos:12.5,Tstd:2.6,Bpos:10.5,Bstd:4.8,StrandBias:10.0,Multiplicity:1.07
0.078	0.585	0.056	0.281
0.002	0.750	0.106	0.142
0.040	0.644	0.303	0.013
0.200	0.235	0.563	0.002
0.041	0.001	0.957	0.001
0.075	0.001	0.923	0.001
0.313	0.141	0.469	0.077
0.187	0.317	0.401	0.095
0.131	0.501	0.227	0.141
0.129	0.487	0.133	0.252
>HNCAGGDNWN	3-HNCAGGDNWN	4.463599	-1937.526340	0	T:6760.0(16.20%),B:10082.8(6.11%),P:1e-841	Tpos:12.5,Tstd:2.1,Bpos:10.5,Bstd:5.8,StrandBias:10.0,Multiplicity:1.01
0.308	0.294	0.079	0.319
0.202	0.272	0.205	0.321
0.001	0.911	0.087	0.001
0.734	0.001	0.001	0.264
0.117	0.001	0.881	0.001
0.206	0.001	0.792	0.001
0.317	0.063	0.330	0.289
0.312	0.203	0.308	0.176
0.348	0.188	0.146	0.318
0.277	0.244	0.173	0.306
>WSNTCGAGGW	4-WSNTCGAGGW	5.051827	-737.125300	0	T:2014.0(4.83%),B:2418.9(1.47%),P:1e-320	Tpos:11.0,Tstd:1.9,Bpos:10.5,Bstd:5.0,StrandBias:10.0,Multiplicity:1.01
0.322	0.171	0.129	0.377
0.093	0.405	0.266	0.236
0.253	0.254	0.185	0.307
0.221	0.163	0.231	0.385
0.001	0.997	0.001	0.001
0.330	0.001	0.668	0.001
0.755	0.001	0.016	0.228
0.018	0.020	0.961	0.001
0.191	0.167	0.590	0.052
0.322	0.210	0.104	0.364
>TDGCCAMATG	5-TDGCCAMATG	7.969150	-455.656623	0	T:380.0(0.91%),B:57.8(0.04%),P:1e-197	Tpos:11.0,Tstd:0.6,Bpos:10.4,Bstd:4.0,StrandBias:10.0,Multiplicity:1.00
0.013	0.038	0.019	0.930
0.263	0.069	0.305	0.363
0.037	0.049	0.893	0.021
0.014	0.976	0.005	0.005
0.016	0.978	0.005	0.001
0.891	0.053	0.035	0.021
0.453	0.408	0.081	0.059
0.661	0.068	0.150	0.121
0.016	0.016	0.023	0.945
0.021	0.037	0.917	0.025
>TKTCAGAGSY	6-TKTCAGAGSY	6.268296	-258.731570	0	T:933.0(2.24%),B:1354.0(0.82%),P:1e-112	Tpos:11.6,Tstd:2.0,Bpos:10.8,Bstd:5.9,StrandBias:10.0,Multiplicity:1.00
0.242	0.177	0.046	0.535
0.126	0.180	0.381	0.314
0.125	0.144	0.230	0.501
0.001	0.997	0.001	0.001
0.720	0.001	0.252	0.027
0.038	0.026	0.935	0.001
0.918	0.015	0.066	0.001
0.001	0.001	0.997	0.001
0.162	0.402	0.265	0.172
0.141	0.302	0.138	0.420
>KTTGCCAADT	7-KTTGCCAADT	7.752219	-249.250067	0	T:240.0(0.58%),B:61.6(0.04%),P:1e-108	Tpos:9.7,Tstd:1.5,Bpos:10.7,Bstd:3.9,StrandBias:10.0,Multiplicity:1.00
0.001	0.073	0.428	0.498
0.001	0.001	0.001	0.997
0.135	0.074	0.152	0.639
0.001	0.161	0.547	0.291
0.001	0.997	0.001	0.001
0.001	0.997	0.001	0.001
0.729	0.001	0.232	0.038
0.453	0.149	0.245	0.153
0.360	0.001	0.347	0.292
0.001	0.144	0.211	0.644
>GCWGCAGCAG	8-GCWGCAGCAG	7.743019	-198.686263	0	T:526.0(1.26%),B:612.7(0.37%),P:1e-86	Tpos:10.4,Tstd:3.1,Bpos:10.2,Bstd:6.8,StrandBias:10.0,Multiplicity:1.02
0.019	0.324	0.528	0.129
0.001	0.953	0.037	0.009
0.460	0.001	0.022	0.517
0.019	0.001	0.940	0.040
0.178	0.631	0.190	0.001
0.682	0.013	0.043	0.262
0.022	0.019	0.930	0.029
0.030	0.849	0.120	0.001
0.662	0.004	0.028	0.306
0.001	0.001	0.997	0.001
>CAGCGGCTGC	9-CAGCGGCTGC	7.801966	-84.041785	0	T:307.0(0.74%),B:453.8(0.28%),P:1e-36	Tpos:13.0,Tstd:3.3,Bpos:9.8,Bstd:5.4,StrandBias:10.0,Multiplicity:1.01
0.001	0.818	0.153	0.028
0.652	0.030	0.267	0.051
0.092	0.023	0.884	0.001
0.344	0.540	0.060	0.056
0.001	0.115	0.814	0.070
0.028	0.220	0.590	0.162
0.028	0.908	0.018	0.046
0.047	0.030	0.045	0.878
0.013	0.047	0.912	0.028
0.001	0.676	0.294	0.029
>CGAGCGCGTG	10-CGAGCGCGTG	6.259971	-81.410800	0	T:280.0(0.67%),B:398.9(0.24%),P:1e-35	Tpos:12.2,Tstd:3.0,Bpos:10.8,Bstd:3.7,StrandBias:10.0,Multiplicity:1.01
0.072	0.777	0.046	0.105
0.255	0.056	0.651	0.038
0.678	0.092	0.089	0.141
0.001	0.131	0.853	0.015
0.201	0.605	0.042	0.152
0.143	0.148	0.619	0.090
0.102	0.523	0.234	0.141
0.116	0.194	0.555	0.135
0.182	0.167	0.218	0.433
0.094	0.210	0.565	0.131
>WTBACAGGCK	11-WTBACAGGCK	7.044367	-65.018054	0	T:247.0(0.59%),B:375.7(0.23%),P:1e-28	Tpos:10.8,Tstd:1.8,Bpos:10.9,Bstd:5.5,StrandBias:10.0,Multiplicity:1.00
0.405	0.001	0.161	0.433
0.168	0.001	0.001	0.830
0.001	0.373	0.364	0.262
0.583	0.001	0.415	0.001
0.001	0.997	0.001	0.001
0.583	0.050	0.366	0.001
0.001	0.001	0.997	0.001
0.222	0.201	0.576	0.001
0.407	0.591	0.001	0.001
0.204	0.001	0.359	0.436
>AACCGGGTGT	12-AACCGGGTGT	7.089139	-62.825633	0	T:161.0(0.39%),B:186.2(0.11%),P:1e-27	Tpos:12.4,Tstd:1.1,Bpos:9.7,Bstd:5.0,StrandBias:10.0,Multiplicity:1.00
0.814	0.080	0.066	0.040
0.844	0.001	0.116	0.039
0.111	0.699	0.136	0.054
0.095	0.695	0.109	0.101
0.038	0.065	0.862	0.035
0.065	0.076	0.827	0.032
0.078	0.054	0.857	0.011
0.127	0.065	0.011	0.797
0.044	0.061	0.873	0.022
0.152	0.028	0.082	0.738
>GAGGCTGAGC	13-GAGGCTGAGC	9.300765	-61.592184	0	T:89.0(0.21%),B:55.2(0.03%),P:1e-26	Tpos:9.5,Tstd:4.1,Bpos:9.1,Bstd:4.3,StrandBias:10.0,Multiplicity:1.00
0.001	0.349	0.649	0.001
0.707	0.291	0.001	0.001
0.001	0.001	0.941	0.057
0.021	0.001	0.977	0.001
0.001	0.997	0.001	0.001
0.001	0.146	0.001	0.852
0.001	0.057	0.941	0.001
0.997	0.001	0.001	0.001
0.057	0.001	0.941	0.001
0.001	0.965	0.033	0.001
>MACACGGGCT	14-MACACGGGCT	8.420295	-56.333984	0	T:75.0(0.18%),B:41.0(0.02%),P:1e-24	Tpos:11.4,Tstd:1.0,Bpos:12.1,Bstd:2.4,StrandBias:10.0,Multiplicity:1.00
0.552	0.446	0.001	0.001
0.746	0.001	0.252	0.001
0.258	0.740	0.001	0.001
0.753	0.001	0.245	0.001
0.001	0.914	0.001	0.084
0.197	0.027	0.734	0.042
0.086	0.131	0.699	0.084
0.128	0.001	0.870	0.001
0.042	0.616	0.300	0.042
0.042	0.001	0.202	0.755
>AGGCTGGTCT	15-AGGCTGGTCT	7.359776	-52.919129	0	T:47.0(0.11%),B:10.3(0.01%),P:1e-22	Tpos:8.4,Tstd:3.6,Bpos:10.9,Bstd:2.5,StrandBias:10.0,Multiplicity:1.00
0.997	0.001	0.001	0.001
0.001	0.001	0.997	0.001
0.001	0.001	0.997	0.001
0.181	0.773	0.001	0.045
0.001	0.001	0.001	0.997
0.044	0.001	0.954	0.001
0.045	0.001	0.909	0.045
0.001	0.001	0.001	0.997
0.001	0.997	0.001	0.001
0.001	0.001	0.001	0.997
>KGGMTTDCAG	16-KGGMTTDCAG	8.635853	-45.619678	0	T:65.0(0.16%),B:41.0(0.02%),P:1e-19	Tpos:8.6,Tstd:2.9,Bpos:9.2,Bstd:1.9,StrandBias:10.0,Multiplicity:1.00
0.061	0.211	0.393	0.336
0.157	0.057	0.729	0.057
0.001	0.001	0.997	0.001
0.486	0.386	0.061	0.068
0.001	0.149	0.001	0.849
0.001	0.057	0.036	0.906
0.294	0.057	0.285	0.364
0.001	0.997	0.001	0.001
0.997	0.001	0.001	0.001
0.001	0.001	0.997	0.001
>CTGGGATKWC	17-CTGGGATKWC	10.192669	-43.276166	0	T:42.0(0.10%),B:12.5(0.01%),P:1e-18	Tpos:10.4,Tstd:4.8,Bpos:9.0,Bstd:0.0,StrandBias:10.0,Multiplicity:1.00
0.001	0.997	0.001	0.001
0.001	0.001	0.001	0.997
0.001	0.001	0.997	0.001
0.001	0.001	0.997	0.001
0.329	0.001	0.669	0.001
0.692	0.306	0.001	0.001
0.001	0.239	0.126	0.634
0.001	0.001	0.465	0.533
0.437	0.016	0.130	0.417
0.001	0.921	0.001	0.077
>TTCGATGTTA	18-TTCGATGTTA	8.125756	-43.265034	0	T:48.0(0.12%),B:19.1(0.01%),P:1e-18	Tpos:13.0,Tstd:0.5,Bpos:10.2,Bstd:2.4,StrandBias:10.0,Multiplicity:1.00
0.120	0.121	0.001	0.758
0.060	0.030	0.030	0.880
0.001	0.939	0.030	0.030
0.030	0.030	0.939	0.001
0.819	0.060	0.120	0.001
0.242	0.150	0.001	0.607
0.001	0.001	0.937	0.061
0.001	0.030	0.049	0.920
0.062	0.153	0.213	0.572
0.644	0.032	0.081	0.243
>TCCACAGGGT	19-TCCACAGGGT	10.182673	-38.515903	0	T:45.0(0.11%),B:20.2(0.01%),P:1e-16	Tpos:12.8,Tstd:2.1,Bpos:11.1,Bstd:2.9,StrandBias:10.0,Multiplicity:1.00
0.067	0.001	0.001	0.931
0.067	0.931	0.001	0.001
0.067	0.931	0.001	0.001
0.863	0.001	0.068	0.068
0.001	0.997	0.001	0.001
0.863	0.001	0.068	0.068
0.001	0.001	0.997	0.001
0.001	0.001	0.931	0.067
0.068	0.205	0.659	0.068
0.001	0.042	0.001	0.956
>TGGACGCCGA	20-TGGACGCCGA	8.332499	-36.819662	0	T:98.0(0.23%),B:119.0(0.07%),P:1e-15	Tpos:10.8,Tstd:3.6,Bpos:10.0,Bstd:3.3,StrandBias:10.0,Multiplicity:1.00
0.034	0.245	0.077	0.644
0.001	0.349	0.649	0.001
0.033	0.001	0.965	0.001
0.650	0.348	0.001	0.001
0.001	0.745	0.144	0.110
0.001	0.001	0.997	0.001
0.186	0.812	0.001	0.001
0.001	0.840	0.001	0.158
0.221	0.001	0.777	0.001
0.610	0.355	0.034	0.001
>CGCAGATGTT	21-CGCAGATGTT	7.992998	-33.679487	0	T:57.0(0.14%),B:45.8(0.03%),P:1e-14	Tpos:13.8,Tstd:1.6,Bpos:11.0,Bstd:3.8,StrandBias:10.0,Multiplicity:1.00
0.091	0.695	0.064	0.150
0.171	0.021	0.723	0.085
0.042	0.786	0.171	0.001
0.936	0.021	0.001	0.042
0.021	0.021	0.957	0.001
0.893	0.085	0.001	0.021
0.129	0.043	0.091	0.737
0.043	0.108	0.806	0.043
0.155	0.108	0.044	0.693
0.064	0.107	0.043	0.786
>CCGTGAGCCG	22-CCGTGAGCCG	10.384516	-28.753708	0	T:31.0(0.07%),B:12.9(0.01%),P:1e-12	Tpos:10.4,Tstd:3.5,Bpos:9.7,Bstd:3.1,StrandBias:10.0,Multiplicity:1.00
0.001	0.997	0.001	0.001
0.134	0.864	0.001	0.001
0.216	0.216	0.567	0.001
0.001	0.001	0.001	0.997
0.001	0.001	0.997	0.001
0.783	0.001	0.001	0.215
0.001	0.001	0.997	0.001
0.001	0.997	0.001	0.001
0.215	0.783	0.001	0.001
0.001	0.001	0.997	0.001
>ACAAGGTGCT	23-ACAAGGTGCT	10.208855	-25.468808	0	T:26.0(0.06%),B:9.4(0.01%),P:1e-11	Tpos:13.2,Tstd:2.3,Bpos:9.4,Bstd:2.3,StrandBias:10.0,Multiplicity:1.00
0.932	0.066	0.001	0.001
0.001	0.932	0.066	0.001
0.932	0.001	0.066	0.001
0.800	0.133	0.066	0.001
0.066	0.001	0.867	0.066
0.066	0.066	0.867	0.001
0.066	0.066	0.001	0.867
0.001	0.001	0.932	0.066
0.001	0.932	0.066	0.001
0.001	0.001	0.001	0.997
>CAAGTAAGTC	24-CAAGTAAGTC	10.217720	-21.329227	0	T:22.0(0.05%),B:8.6(0.01%),P:1e-9	Tpos:13.2,Tstd:3.4,Bpos:12.1,Bstd:1.6,StrandBias:10.0,Multiplicity:1.00
0.001	0.997	0.001	0.001
0.997	0.001	0.001	0.001
0.930	0.001	0.068	0.001
0.001	0.001	0.997	0.001
0.069	0.097	0.069	0.765
0.860	0.001	0.138	0.001
0.930	0.001	0.068	0.001
0.001	0.068	0.930	0.001
0.001	0.069	0.069	0.861
0.139	0.791	0.069	0.001
>TAATCCCAGC	25-TAATCCCAGC	11.136049	-16.839316	0	T:12.0(0.03%),B:1.5(0.00%),P:1e-7	Tpos:8.6,Tstd:2.1,Bpos:11.6,Bstd:1.9,StrandBias:10.0,Multiplicity:1.00
0.001	0.001	0.001	0.997
0.947	0.051	0.001	0.001
0.947	0.051	0.001	0.001
0.001	0.001	0.081	0.917
0.001	0.997	0.001	0.001
0.001	0.997	0.001	0.001
0.001	0.997	0.001	0.001
0.997	0.001	0.001	0.001
0.081	0.001	0.917	0.001
0.001	0.997	0.001	0.001
>NNNNYCTCCAGN	1-NNNNYCTCCAGN	2.213971	-7360.786484	0	T:8630.0(20.68%),B:4086.5(2.48%),P:1e-3196	Tpos:10.9,Tstd:0.7,Bpos:10.5,Bstd:5.2,StrandBias:10.0,Multiplicity:1.00
0.244	0.294	0.235	0.228
0.244	0.283	0.229	0.245
0.244	0.248	0.246	0.262
0.250	0.200	0.264	0.286
0.239	0.366	0.001	0.394
0.001	0.997	0.001	0.001
0.001	0.001	0.001	0.997
0.001	0.997	0.001	0.001
0.001	0.997	0.001	0.001
0.997	0.001	0.001	0.001
0.220	0.189	0.401	0.189
0.231	0.217	0.348	0.204
>TCAGGGHNNNNN	2-TCAGGGHNNNNN	3.595892	-2108.179885	0	T:11124.0(26.66%),B:21443.8(13.00%),P:1e-915	Tpos:13.8,Tstd:2.7,Bpos:10.3,Bstd:4.7,StrandBias:10.0,Multiplicity:1.04
0.203	0.212	0.188	0.398
0.001	0.997	0.001	0.001
0.461	0.159	0.186	0.194
0.001	0.001	0.997	0.001
0.100	0.001	0.898	0.001
0.160	0.006	0.833	0.001
0.327	0.265	0.159	0.249
0.242	0.253	0.192	0.312
0.223	0.294	0.209	0.274
0.248	0.272	0.209	0.271
0.216	0.294	0.285	0.206
0.221	0.265	0.318	0.196
>SCNSSGGSVGSR	3-SCNSSGGSVGSR	3.340282	-852.440165	0	T:13511.0(32.38%),B:37022.4(22.45%),P:1e-370	Tpos:11.6,Tstd:2.9,Bpos:10.5,Bstd:4.0,StrandBias:10.0,Multiplicity:1.07
0.052	0.430	0.392	0.126
0.123	0.786	0.001	0.090
0.229	0.309	0.234	0.227
0.009	0.464	0.516	0.011
0.157	0.409	0.433	0.001
0.282	0.175	0.475	0.068
0.100	0.237	0.662	0.001
0.175	0.377	0.446	0.001
0.270	0.238	0.341	0.150
0.077	0.336	0.541	0.046
0.118	0.431	0.409	0.041
0.278	0.186	0.366	0.170
>NHNDNCCAGGHR	4-NHNDNCCAGGHR	5.102813	-642.522449	0	T:2606.0(6.24%),B:4098.5(2.49%),P:1e-279	Tpos:10.8,Tstd:1.1,Bpos:10.7,Bstd:4.8,StrandBias:10.0,Multiplicity:1.00
0.262	0.228	0.268	0.242
0.338	0.257	0.001	0.403
0.219	0.269	0.238	0.274
0.348	0.042	0.272	0.338
0.207	0.349	0.203	0.242
0.213	0.663	0.001	0.123
0.190	0.481	0.328	0.001
0.997	0.001	0.001	0.001
0.001	0.001	0.997	0.001
0.174	0.095	0.730	0.001
0.344	0.249	0.056	0.351
0.290	0.190	0.369	0.151
>KTDGCCAMATGW	5-KTDGCCAMATGW	7.457618	-488.686701	0	T:470.0(1.13%),B:118.7(0.07%),P:1e-212	Tpos:11.0,Tstd:0.2,Bpos:9.9,Bstd:5.1,StrandBias:10.0,Multiplicity:1.00
0.133	0.072	0.422	0.373
0.072	0.048	0.084	0.796
0.253	0.108	0.277	0.362
0.048	0.084	0.832	0.036
0.024	0.963	0.001	0.012
0.001	0.997	0.001	0.001
0.868	0.024	0.048	0.060
0.422	0.278	0.204	0.096
0.482	0.097	0.265	0.156
0.048	0.001	0.072	0.879
0.012	0.024	0.928	0.036
0.349	0.157	0.181	0.313
>NSHCCCTCTACD	6-NSHCCCTCTACD	3.468776	-414.971400	0	T:880.0(2.11%),B:837.8(0.51%),P:1e-180	Tpos:10.9,Tstd:0.7,Bpos:10.5,Bstd:3.9,StrandBias:10.0,Multiplicity:1.00
0.239	0.204	0.253	0.304
0.136	0.374	0.297	0.194
0.253	0.319	0.136	0.292
0.201	0.417	0.176	0.206
0.253	0.606	0.001	0.140
0.001	0.997	0.001	0.001
0.001	0.001	0.001	0.997
0.001	0.997	0.001	0.001
0.001	0.001	0.001	0.997
0.997	0.001	0.001	0.001
0.317	0.477	0.105	0.101
0.339	0.136	0.296	0.230
>TYHTCAGGTGAG	7-TYHTCAGGTGAG	6.989555	-275.268830	0	T:477.0(1.14%),B:363.3(0.22%),P:1e-119	Tpos:12.1,Tstd:0.8,Bpos:10.7,Bstd:4.7,StrandBias:10.0,Multiplicity:1.00
0.197	0.051	0.226	0.526
0.114	0.403	0.144	0.339
0.381	0.351	0.001	0.267
0.133	0.072	0.237	0.558
0.001	0.997	0.001	0.001
0.958	0.001	0.040	0.001
0.001	0.001	0.997	0.001
0.001	0.009	0.989	0.001
0.001	0.001	0.001	0.997
0.350	0.061	0.548	0.041
0.538	0.103	0.174	0.185
0.154	0.123	0.588	0.135
>GCWTCCCGGAGR	8-GCWTCCCGGAGR	6.538425	-232.345948	0	T:580.0(1.39%),B:643.0(0.39%),P:1e-100	Tpos:10.5,Tstd:1.4,Bpos:11.1,Bstd:4.8,StrandBias:10.0,Multiplicity:1.00
0.294	0.136	0.496	0.074
0.032	0.716	0.137	0.115
0.441	0.021	0.001	0.537
0.147	0.147	0.063	0.643
0.001	0.726	0.031	0.242
0.168	0.420	0.149	0.263
0.148	0.850	0.001	0.001
0.294	0.001	0.590	0.115
0.001	0.104	0.894	0.001
0.758	0.083	0.001	0.158
0.001	0.083	0.915	0.001
0.326	0.137	0.442	0.095
>TTCRRGAGGCTG	9-TTCRRGAGGCTG	6.657359	-225.333268	0	T:544.0(1.30%),B:585.3(0.35%),P:1e-97	Tpos:12.8,Tstd:2.1,Bpos:10.7,Bstd:4.6,StrandBias:10.0,Multiplicity:1.00
0.332	0.001	0.075	0.592
0.181	0.001	0.071	0.747
0.001	0.988	0.001	0.010
0.311	0.199	0.430	0.060
0.450	0.146	0.403	0.001
0.053	0.139	0.807	0.001
0.568	0.282	0.086	0.064
0.214	0.001	0.618	0.167
0.128	0.275	0.596	0.001
0.278	0.636	0.085	0.001
0.310	0.001	0.053	0.636
0.010	0.064	0.925	0.001
>TTCCCCAGAGCT	10-TTCCCCAGAGCT	7.317906	-171.752413	0	T:350.0(0.84%),B:321.5(0.19%),P:1e-74	Tpos:11.2,Tstd:1.6,Bpos:11.2,Bstd:4.2,StrandBias:10.0,Multiplicity:1.00
0.203	0.001	0.293	0.503
0.288	0.001	0.269	0.442
0.179	0.538	0.001	0.282
0.024	0.828	0.147	0.001
0.001	0.792	0.037	0.170
0.001	0.706	0.292	0.001
0.853	0.001	0.001	0.145
0.280	0.001	0.718	0.001
0.535	0.001	0.379	0.085
0.292	0.001	0.706	0.001
0.135	0.486	0.233	0.147
0.265	0.257	0.049	0.429
>CCTGWDYCCAGA	11-CCTGWDYCCAGA	8.501910	-110.951352	0	T:153.0(0.37%),B:86.4(0.05%),P:1e-48	Tpos:8.9,Tstd:1.5,Bpos:10.6,Bstd:5.7,StrandBias:10.0,Multiplicity:1.00
0.001	0.801	0.142	0.056
0.001	0.971	0.001	0.027
0.001	0.001	0.055	0.943
0.001	0.084	0.744	0.171
0.342	0.141	0.060	0.458
0.343	0.056	0.229	0.372
0.001	0.457	0.001	0.541
0.001	0.943	0.001	0.055
0.001	0.687	0.311	0.001
0.574	0.171	0.085	0.170
0.001	0.001	0.997	0.001
0.512	0.001	0.342	0.145
>GGATTMCAAGCR	12-GGATTMCAAGCR	10.435797	-48.000193	0	T:30.0(0.07%),B:0.8(0.00%),P:1e-20	Tpos:8.4,Tstd:2.1,Bpos:13.1,Bstd:1.7,StrandBias:10.0,Multiplicity:1.00
0.386	0.001	0.548	0.065
0.001	0.065	0.933	0.001
0.933	0.001	0.001	0.065
0.001	0.065	0.001	0.933
0.001	0.001	0.380	0.618
0.552	0.446	0.001	0.001
0.001	0.997	0.001	0.001
0.997	0.001	0.001	0.001
0.582	0.001	0.416	0.001
0.001	0.001	0.997	0.001
0.001	0.997	0.001	0.001
0.446	0.001	0.552	0.001
>CCAGGCTGGTCT	13-CCAGGCTGGTCT	10.593042	-47.358822	0	T:45.0(0.11%),B:12.4(0.01%),P:1e-20	Tpos:7.3,Tstd:3.0,Bpos:8.0,Bstd:0.0,StrandBias:10.0,Multiplicity:1.00
0.001	0.850	0.073	0.076
0.001	0.923	0.001	0.075
0.926	0.001	0.001	0.072
0.219	0.001	0.779	0.001
0.075	0.001	0.923	0.001
0.073	0.853	0.001	0.073
0.001	0.001	0.001	0.997
0.223	0.003	0.698	0.076
0.076	0.073	0.701	0.150
0.073	0.073	0.001	0.853
0.001	0.926	0.072	0.001
0.001	0.073	0.293	0.633
>WCSCWGGCTGAA	14-WCSCWGGCTGAA	10.391360	-46.342586	0	T:47.0(0.11%),B:15.2(0.01%),P:1e-20	Tpos:11.7,Tstd:2.9,Bpos:10.9,Bstd:1.8,StrandBias:10.0,Multiplicity:1.00
0.333	0.001	0.250	0.416
0.001	0.916	0.082	0.001
0.083	0.500	0.416	0.001
0.001	0.997	0.001	0.001
0.499	0.001	0.001	0.499
0.001	0.001	0.997	0.001
0.001	0.001	0.997	0.001
0.001	0.997	0.001	0.001
0.083	0.083	0.001	0.833
0.001	0.249	0.749	0.001
0.667	0.001	0.166	0.166
0.997	0.001	0.001	0.001
>TGCCCAGGCTGG	15-TGCCCAGGCTGG	10.366217	-45.736164	0	T:59.0(0.14%),B:31.9(0.02%),P:1e-19	Tpos:12.1,Tstd:1.2,Bpos:12.0,Bstd:2.0,StrandBias:10.0,Multiplicity:1.00
0.001	0.142	0.001	0.856
0.001	0.285	0.643	0.071
0.071	0.500	0.286	0.143
0.001	0.997	0.001	0.001
0.071	0.857	0.071	0.001
0.785	0.001	0.071	0.143
0.001	0.001	0.928	0.070
0.071	0.001	0.857	0.071
0.001	0.997	0.001	0.001
0.001	0.001	0.001	0.997
0.071	0.071	0.787	0.071
0.071	0.143	0.785	0.001
>MACAGCTCCASW	16-MACAGCTCCASW	9.109292	-31.905102	0	T:50.0(0.12%),B:36.5(0.02%),P:1e-13	Tpos:11.1,Tstd:1.4,Bpos:8.8,Bstd:3.8,StrandBias:10.0,Multiplicity:1.00
0.404	0.411	0.046	0.139
0.634	0.183	0.044	0.139
0.320	0.491	0.044	0.145
0.633	0.002	0.360	0.005
0.001	0.001	0.955	0.043
0.001	0.774	0.001	0.224
0.001	0.044	0.044	0.911
0.044	0.824	0.088	0.044
0.001	0.955	0.001	0.043
0.864	0.044	0.044	0.048
0.233	0.402	0.272	0.093
0.498	0.047	0.092	0.362
>CAGCCTCAACAG	17-CAGCCTCAACAG	9.032520	-31.063662	0	T:24.0(0.06%),B:3.6(0.00%),P:1e-13	Tpos:8.6,Tstd:2.2,Bpos:0.0,Bstd:0.0,StrandBias:10.0,Multiplicity:1.00
0.100	0.712	0.118	0.070
0.641	0.112	0.092	0.155
0.104	0.129	0.628	0.139
0.084	0.740	0.088	0.088
0.151	0.608	0.082	0.159
0.139	0.102	0.088	0.671
0.080	0.707	0.147	0.066
0.628	0.161	0.119	0.092
0.533	0.145	0.175	0.147
0.088	0.723	0.137	0.052
0.680	0.114	0.118	0.088
0.102	0.078	0.726	0.094
>GTAWTCCCAGCA	18-GTAWTCCCAGCA	10.952422	-26.982702	0	T:20.0(0.05%),B:3.0(0.00%),P:1e-11	Tpos:9.0,Tstd:1.9,Bpos:13.0,Bstd:0.0,StrandBias:10.0,Multiplicity:1.00
0.001	0.001	0.997	0.001
0.007	0.001	0.001	0.991
0.690	0.001	0.158	0.151
0.388	0.151	0.159	0.302
0.001	0.001	0.150	0.848
0.151	0.697	0.151	0.001
0.001	0.848	0.150	0.001
0.001	0.997	0.001	0.001
0.997	0.001	0.001	0.001
0.007	0.001	0.991	0.001
0.001	0.997	0.001	0.001
0.682	0.001	0.151	0.166
>GCWGAGCGAGAY	19-GCWGAGCGAGAY	10.823512	-24.519172	0	T:17.0(0.04%),B:1.7(0.00%),P:1e-10	Tpos:11.7,Tstd:2.4,Bpos:10.5,Bstd:1.2,StrandBias:10.0,Multiplicity:1.00
0.389	0.010	0.600	0.001
0.001	0.904	0.094	0.001
0.429	0.001	0.001	0.569
0.001	0.192	0.806	0.001
0.689	0.001	0.001	0.309
0.010	0.005	0.608	0.377
0.001	0.890	0.001	0.108
0.004	0.001	0.994	0.001
0.801	0.001	0.197	0.001
0.103	0.001	0.895	0.001
0.524	0.193	0.001	0.282
0.005	0.391	0.192	0.412
>CCCCTTCCCAGA	20-CCCCTTCCCAGA	12.171112	-23.997944	0	T:15.0(0.04%),B:0.4(0.00%),P:1e-10	Tpos:8.6,Tstd:0.7,Bpos:6.0,Bstd:0.0,StrandBias:10.0,Multiplicity:1.00
0.001	0.997	0.001	0.001
0.001	0.997	0.001	0.001
0.001	0.899	0.099	0.001
0.100	0.799	0.001	0.100
0.001	0.099	0.001	0.899
0.099	0.001	0.001	0.899
0.001	0.899	0.099	0.001
0.001	0.997	0.001	0.001
0.001	0.997	0.001	0.001
0.799	0.001	0.001	0.199
0.001	0.001	0.997	0.001
0.899	0.099	0.001	0.001
>TCAGGCTGTGAR	21-TCAGGCTGTGAR	7.530332	-19.361767	0	T:52.0(0.12%),B:66.1(0.04%),P:1e-8	Tpos:14.1,Tstd:2.3,Bpos:10.1,Bstd:4.4,StrandBias:10.0,Multiplicity:1.00
0.126	0.138	0.145	0.591
0.049	0.788	0.101	0.062
0.605	0.159	0.118	0.118
0.145	0.118	0.647	0.090
0.128	0.138	0.646	0.088
0.136	0.681	0.087	0.096
0.181	0.079	0.142	0.598
0.085	0.176	0.630	0.109
0.174	0.141	0.126	0.559
0.114	0.172	0.632	0.082
0.549	0.203	0.156	0.092
0.319	0.075	0.388	0.218
>TAGCAGCTGAAA	22-TAGCAGCTGAAA	11.345468	-15.998151	0	T:10.0(0.02%),B:0.5(0.00%),P:1e-6	Tpos:13.0,Tstd:0.0,Bpos:12.0,Bstd:0.0,StrandBias:10.0,Multiplicity:1.00
0.347	0.001	0.001	0.651
0.579	0.021	0.263	0.137
0.116	0.116	0.767	0.001
0.001	0.997	0.001	0.001
0.997	0.001	0.001	0.001
0.001	0.001	0.997	0.001
0.116	0.620	0.263	0.001
0.388	0.001	0.001	0.610
0.001	0.001	0.997	0.001
0.873	0.010	0.116	0.001
0.997	0.001	0.001	0.001
0.757	0.001	0.001	0.241
>TGCAGTGAGCCG	23-TGCAGTGAGCCG	12.355432	-15.998151	0	T:10.0(0.02%),B:0.0(0.00%),P:1e-6	Tpos:10.9,Tstd:3.8,Bpos:0.0,Bstd:0.0,StrandBias:10.0,Multiplicity:1.00
0.100	0.100	0.100	0.700
0.100	0.100	0.700	0.100
0.100	0.700	0.100	0.100
0.700	0.100	0.100	0.100
0.100	0.100	0.700	0.100
0.100	0.100	0.100	0.700
0.100	0.100	0.700	0.100
0.700	0.100	0.100	0.100
0.100	0.100	0.700	0.100
0.100	0.700	0.100	0.100
0.100	0.700	0.100	0.100
0.100	0.100	0.700	0.100
>NCAGSCTGGAGA	24-NCAGSCTGGAGA	9.102076	-14.241277	0	T:37.0(0.09%),B:47.8(0.03%),P:1e-6	Tpos:12.2,Tstd:1.4,Bpos:12.0,Bstd:3.6,StrandBias:10.0,Multiplicity:1.00
0.219	0.216	0.328	0.237
0.036	0.820	0.054	0.090
0.782	0.072	0.056	0.090
0.217	0.182	0.402	0.200
0.162	0.365	0.455	0.018
0.036	0.910	0.036	0.018
0.054	0.001	0.072	0.873
0.001	0.093	0.905	0.001
0.127	0.021	0.834	0.018
0.836	0.054	0.055	0.055
0.054	0.273	0.654	0.019
0.688	0.220	0.055	0.037
>NNNNNNNNNNNN	25-NNNNNNNNNNNN	-nan	0.000000	0	T:0.0(0.00%),B:0.0(0.00%),P:1e0	Tpos:0.0,Tstd:0.0,Bpos:0.0,Bstd:0.0,StrandBias:0.0,Multiplicity:1.00
-nan	-nan	-nan	-nan
-nan	-nan	-nan	-nan
-nan	-nan	-nan	-nan
-nan	-nan	-nan	-nan
-nan	-nan	-nan	-nan
-nan	-nan	-nan	-nan
-nan	-nan	-nan	-nan
-nan	-nan	-nan	-nan
-nan	-nan	-nan	-nan
-nan	-nan	-nan	-nan
-nan	-nan	-nan	-nan
-nan	-nan	-nan	-nan
>YCTCCARR	1-YCTCCARR	4.617877	-6358.518155	0	T:8640.0(20.70%),B:5266.8(3.19%),P:1e-2761	Tpos:12.7,Tstd:1.4,Bpos:10.5,Bstd:7.4,StrandBias:10.0,Multiplicity:1.01
0.184	0.446	0.001	0.369
0.001	0.997	0.001	0.001
0.001	0.001	0.001	0.997
0.001	0.997	0.001	0.001
0.001	0.997	0.001	0.001
0.997	0.001	0.001	0.001
0.340	0.029	0.428	0.203
0.294	0.195	0.348	0.163
>YYCCGGGG	2-YYCCGGGG	3.258096	-2911.694831	0	T:12120.0(29.04%),B:21063.4(12.77%),P:1e-1264	Tpos:11.0,Tstd:2.1,Bpos:10.5,Bstd:5.8,StrandBias:10.0,Multiplicity:1.02
0.110	0.394	0.060	0.436
0.054	0.479	0.029	0.438
0.001	0.726	0.060	0.213
0.128	0.589	0.282	0.001
0.198	0.265	0.536	0.001
0.113	0.001	0.885	0.001
0.206	0.001	0.792	0.001
0.265	0.090	0.577	0.068
>CRGGGYYT	3-CRGGGYYT	4.679981	-1685.200972	0	T:5825.0(13.96%),B:8559.9(5.19%),P:1e-731	Tpos:12.4,Tstd:3.6,Bpos:10.2,Bstd:6.8,StrandBias:10.0,Multiplicity:1.01
0.003	0.995	0.001	0.001
0.474	0.018	0.409	0.099
0.113	0.001	0.885	0.001
0.266	0.001	0.732	0.001
0.283	0.081	0.635	0.001
0.184	0.395	0.095	0.326
0.105	0.376	0.079	0.440
0.035	0.257	0.150	0.558
>CTCCACGG	4-CTCCACGG	6.934684	-940.210076	0	T:1228.0(2.94%),B:620.5(0.38%),P:1e-408	Tpos:12.6,Tstd:3.2,Bpos:10.2,Bstd:7.7,StrandBias:10.0,Multiplicity:1.00
0.001	0.997	0.001	0.001
0.001	0.001	0.001	0.997
0.001	0.997	0.001	0.001
0.001	0.997	0.001	0.001
0.997	0.001	0.001	0.001
0.021	0.863	0.001	0.115
0.068	0.001	0.685	0.246
0.001	0.001	0.796	0.202
>TWHNCRGG	5-TWHNCRGG	3.650619	-936.192271	0	T:3212.0(7.70%),B:4585.1(2.78%),P:1e-406	Tpos:9.6,Tstd:2.3,Bpos:10.9,Bstd:6.0,StrandBias:10.0,Multiplicity:1.00
0.250	0.074	0.175	0.501
0.260	0.113	0.226	0.402
0.285	0.229	0.158	0.329
0.254	0.230	0.245	0.271
0.208	0.766	0.001	0.025
0.448	0.133	0.385	0.033
0.332	0.081	0.496	0.091
0.268	0.052	0.678	0.002
>TCNHCGAG	6-TCNHCGAG	3.892967	-679.654908	0	T:3608.0(8.65%),B:6567.8(3.98%),P:1e-295	Tpos:10.3,Tstd:3.2,Bpos:10.3,Bstd:5.7,StrandBias:10.0,Multiplicity:1.02
0.302	0.105	0.127	0.466
0.202	0.450	0.221	0.127
0.265	0.252	0.294	0.189
0.329	0.243	0.094	0.334
0.006	0.666	0.318	0.010
0.232	0.022	0.711	0.035
0.569	0.026	0.183	0.222
0.067	0.040	0.863	0.030
>CCAGGTGA	7-CCAGGTGA	4.938790	-361.900907	0	T:1336.0(3.20%),B:1970.2(1.19%),P:1e-157	Tpos:12.3,Tstd:2.8,Bpos:10.4,Bstd:6.7,StrandBias:10.0,Multiplicity:1.01
0.189	0.496	0.215	0.100
0.001	0.997	0.001	0.001
0.973	0.001	0.001	0.025
0.001	0.001	0.997	0.001
0.001	0.001	0.997	0.001
0.002	0.001	0.011	0.986
0.347	0.001	0.651	0.001
0.623	0.086	0.180	0.111
>CTGGRGMA	8-CTGGRGMA	4.852920	-319.993169	0	T:2498.0(5.99%),B:5292.2(3.21%),P:1e-138	Tpos:11.0,Tstd:4.3,Bpos:10.5,Bstd:6.5,StrandBias:10.0,Multiplicity:1.03
0.001	0.892	0.001	0.106
0.068	0.001	0.221	0.710
0.001	0.001	0.997	0.001
0.184	0.177	0.638	0.001
0.508	0.001	0.410	0.081
0.237	0.144	0.443	0.177
0.425	0.337	0.090	0.148
0.608	0.163	0.001	0.228
>CTCTAWRA	9-CTCTAWRA	2.472989	-289.018284	0	T:719.0(1.72%),B:793.4(0.48%),P:1e-125	Tpos:13.2,Tstd:2.4,Bpos:10.8,Bstd:6.0,StrandBias:10.0,Multiplicity:1.01
0.001	0.997	0.001	0.001
0.001	0.001	0.001	0.997
0.001	0.997	0.001	0.001
0.001	0.001	0.001	0.997
0.997	0.001	0.001	0.001
0.494	0.111	0.001	0.395
0.432	0.001	0.486	0.081
0.465	0.155	0.199	0.181
>TCRAGGTT	10-TCRAGGTT	5.826912	-285.062021	0	T:687.0(1.65%),B:737.4(0.45%),P:1e-123	Tpos:11.9,Tstd:3.1,Bpos:9.6,Bstd:5.2,StrandBias:10.0,Multiplicity:1.00
0.011	0.028	0.073	0.888
0.001	0.997	0.001	0.001
0.368	0.135	0.496	0.001
0.704	0.001	0.293	0.002
0.217	0.001	0.557	0.225
0.001	0.001	0.805	0.193
0.192	0.135	0.001	0.672
0.242	0.180	0.150	0.427
>GCCAAATG	11-GCCAAATG	7.534897	-250.724710	0	T:317.0(0.76%),B:151.5(0.09%),P:1e-108	Tpos:11.8,Tstd:1.4,Bpos:9.7,Bstd:6.0,StrandBias:10.0,Multiplicity:1.00
0.001	0.001	0.997	0.001
0.001	0.997	0.001	0.001
0.001	0.997	0.001	0.001
0.997	0.001	0.001	0.001
0.723	0.240	0.001	0.036
0.808	0.001	0.097	0.094
0.001	0.001	0.001	0.997
0.001	0.001	0.997	0.001
>ACAAGMTG	12-ACAAGMTG	5.717242	-203.274599	0	T:1139.0(2.73%),B:2097.2(1.27%),P:1e-88	Tpos:11.4,Tstd:3.7,Bpos:10.2,Bstd:7.0,StrandBias:10.0,Multiplicity:1.00
0.566	0.177	0.187	0.070
0.001	0.997	0.001	0.001
0.771	0.001	0.220	0.008
0.770	0.001	0.228	0.001
0.001	0.001	0.997	0.001
0.396	0.390	0.213	0.001
0.001	0.001	0.001	0.997
0.001	0.001	0.997	0.001
>GCGGCWGC	13-GCGGCWGC	6.386950	-140.362553	0	T:1052.0(2.52%),B:2186.8(1.33%),P:1e-60	Tpos:10.8,Tstd:4.1,Bpos:10.6,Bstd:6.9,StrandBias:10.0,Multiplicity:1.03
0.001	0.001	0.976	0.022
0.001	0.997	0.001	0.001
0.286	0.001	0.474	0.239
0.001	0.001	0.997	0.001
0.001	0.633	0.322	0.044
0.441	0.001	0.034	0.524
0.071	0.001	0.927	0.001
0.001	0.988	0.001	0.010
>CAGGAAAT	14-CAGGAAAT	3.856687	-126.776998	0	T:308.0(0.74%),B:335.6(0.20%),P:1e-55	Tpos:11.9,Tstd:4.1,Bpos:10.6,Bstd:7.0,StrandBias:10.0,Multiplicity:1.00
0.001	0.997	0.001	0.001
0.997	0.001	0.001	0.001
0.001	0.001	0.997	0.001
0.001	0.001	0.997	0.001
0.997	0.001	0.001	0.001
0.942	0.056	0.001	0.001
0.735	0.001	0.263	0.001
0.001	0.001	0.001	0.997
>TTCAGGAA	15-TTCAGGAA	6.625084	-126.630367	0	T:476.0(1.14%),B:711.4(0.43%),P:1e-54	Tpos:10.2,Tstd:3.4,Bpos:11.6,Bstd:6.6,StrandBias:10.0,Multiplicity:1.00
0.080	0.001	0.001	0.918
0.001	0.001	0.338	0.660
0.001	0.997	0.001	0.001
0.777	0.001	0.001	0.221
0.089	0.001	0.844	0.066
0.252	0.001	0.746	0.001
0.524	0.001	0.268	0.207
0.997	0.001	0.001	0.001
>AGCTGCWG	16-AGCTGCWG	7.568581	-100.556924	0	T:339.0(0.81%),B:474.4(0.29%),P:1e-43	Tpos:10.9,Tstd:4.4,Bpos:10.2,Bstd:8.6,StrandBias:10.0,Multiplicity:1.01
0.997	0.001	0.001	0.001
0.001	0.001	0.997	0.001
0.001	0.997	0.001	0.001
0.001	0.001	0.001	0.997
0.001	0.096	0.902	0.001
0.001	0.584	0.414	0.001
0.535	0.001	0.001	0.463
0.001	0.001	0.997	0.001
>SCARATGT	17-SCARATGT	8.321628	-77.224201	0	T:121.0(0.29%),B:83.2(0.05%),P:1e-33	Tpos:12.1,Tstd:3.6,Bpos:10.9,Bstd:6.4,StrandBias:10.0,Multiplicity:1.00
0.179	0.436	0.385	0.001
0.001	0.814	0.071	0.114
0.964	0.034	0.001	0.001
0.359	0.219	0.421	0.001
0.637	0.001	0.255	0.107
0.014	0.001	0.013	0.972
0.001	0.001	0.927	0.071
0.001	0.108	0.001	0.890
>CGCGGCGC	18-CGCGGCGC	8.232499	-76.139650	0	T:262.0(0.63%),B:373.4(0.23%),P:1e-33	Tpos:11.7,Tstd:3.5,Bpos:10.5,Bstd:3.3,StrandBias:10.0,Multiplicity:1.07
0.037	0.929	0.001	0.033
0.001	0.017	0.981	0.001
0.109	0.767	0.123	0.001
0.001	0.001	0.982	0.016
0.018	0.001	0.980	0.001
0.220	0.679	0.085	0.016
0.020	0.001	0.960	0.019
0.029	0.921	0.021	0.029
>TGTTGCCA	19-TGTTGCCA	4.161567	-55.195865	0	T:106.0(0.25%),B:94.3(0.06%),P:1e-23	Tpos:8.5,Tstd:1.9,Bpos:11.3,Bstd:6.6,StrandBias:10.0,Multiplicity:1.00
0.001	0.001	0.177	0.821
0.001	0.001	0.997	0.001
0.001	0.001	0.001	0.997
0.001	0.001	0.001	0.997
0.001	0.001	0.997	0.001
0.001	0.997	0.001	0.001
0.001	0.997	0.001	0.001
0.997	0.001	0.001	0.001
>CCTCTAGT	20-CCTCTAGT	4.278590	-48.712869	0	T:247.0(0.59%),B:440.1(0.27%),P:1e-21	Tpos:12.1,Tstd:2.4,Bpos:9.8,Bstd:6.1,StrandBias:10.0,Multiplicity:1.00
0.062	0.767	0.001	0.170
0.001	0.997	0.001	0.001
0.001	0.001	0.001	0.997
0.001	0.997	0.001	0.001
0.001	0.001	0.059	0.939
0.997	0.001	0.001	0.001
0.001	0.001	0.997	0.001
0.007	0.084	0.076	0.833
>GCSGCCGC	21-GCSGCCGC	8.075707	-48.664955	0	T:300.0(0.72%),B:583.5(0.35%),P:1e-21	Tpos:10.0,Tstd:4.5,Bpos:10.6,Bstd:4.2,StrandBias:10.0,Multiplicity:1.02
0.001	0.001	0.997	0.001
0.001	0.883	0.067	0.049
0.001	0.440	0.558	0.001
0.315	0.001	0.683	0.001
0.001	0.751	0.247	0.001
0.001	0.605	0.010	0.384
0.001	0.001	0.997	0.001
0.353	0.645	0.001	0.001
>CATCGRGA	22-CATCGRGA	7.231462	-41.208065	0	T:98.0(0.23%),B:108.9(0.07%),P:1e-17	Tpos:9.9,Tstd:2.8,Bpos:9.8,Bstd:3.9,StrandBias:10.0,Multiplicity:1.00
0.001	0.718	0.001	0.280
0.820	0.001	0.178	0.001
0.001	0.001	0.001	0.997
0.001	0.997	0.001	0.001
0.001	0.001	0.969	0.029
0.442	0.001	0.556	0.001
0.001	0.001	0.997	0.001
0.997	0.001	0.001	0.001
>CCCAGGCT	23-CCCAGGCT	11.066318	-38.946590	0	T:102.0(0.24%),B:123.0(0.07%),P:1e-16	Tpos:11.4,Tstd:2.5,Bpos:11.2,Bstd:5.2,StrandBias:10.0,Multiplicity:1.00
0.001	0.997	0.001	0.001
0.001	0.997	0.001	0.001
0.001	0.997	0.001	0.001
0.997	0.001	0.001	0.001
0.001	0.001	0.997	0.001
0.001	0.001	0.997	0.001
0.001	0.997	0.001	0.001
0.001	0.001	0.001	0.997
>ASCGGGTG	24-ASCGGGTG	9.242122	-19.025299	0	T:91.0(0.22%),B:164.0(0.10%),P:1e-8	Tpos:11.5,Tstd:2.6,Bpos:10.3,Bstd:4.6,StrandBias:10.0,Multiplicity:1.00
0.663	0.001	0.001	0.335
0.044	0.427	0.528	0.001
0.001	0.997	0.001	0.001
0.094	0.001	0.904	0.001
0.001	0.001	0.997	0.001
0.001	0.001	0.997	0.001
0.001	0.001	0.001	0.997
0.001	0.001	0.997	0.001
>CWCAGGWC	25-CWCAGGWC	8.663400	-15.791012	0	T:73.0(0.17%),B:130.8(0.08%),P:1e-6	Tpos:10.8,Tstd:3.0,Bpos:11.5,Bstd:8.2,StrandBias:10.0,Multiplicity:1.00
0.001	0.730	0.268	0.001
0.389	0.001	0.115	0.495
0.001	0.977	0.021	0.001
0.997	0.001	0.001	0.001
0.014	0.001	0.984	0.001
0.075	0.023	0.901	0.001
0.478	0.001	0.001	0.520
0.001	0.592	0.406	0.001
