>NNNNYCTCCAGN	1-NNNNYCTCCAGN	2.213971	-7360.786484	0	T:8630.0(20.68%),B:4086.5(2.48%),P:1e-3196	Tpos:10.9,Tstd:0.7,Bpos:10.5,Bstd:5.2,StrandBias:10.0,Multiplicity:1.00
0.244	0.294	0.235	0.228
0.244	0.283	0.229	0.245
0.244	0.248	0.246	0.262
0.250	0.200	0.264	0.286
0.239	0.366	0.001	0.394
0.001	0.997	0.001	0.001
0.001	0.001	0.001	0.997
0.001	0.997	0.001	0.001
0.001	0.997	0.001	0.001
0.997	0.001	0.001	0.001
0.220	0.189	0.401	0.189
0.231	0.217	0.348	0.204
>TCAGGGHNNNNN	2-TCAGGGHNNNNN	3.595892	-2108.179885	0	T:11124.0(26.66%),B:21443.8(13.00%),P:1e-915	Tpos:13.8,Tstd:2.7,Bpos:10.3,Bstd:4.7,StrandBias:10.0,Multiplicity:1.04
0.203	0.212	0.188	0.398
0.001	0.997	0.001	0.001
0.461	0.159	0.186	0.194
0.001	0.001	0.997	0.001
0.100	0.001	0.898	0.001
0.160	0.006	0.833	0.001
0.327	0.265	0.159	0.249
0.242	0.253	0.192	0.312
0.223	0.294	0.209	0.274
0.248	0.272	0.209	0.271
0.216	0.294	0.285	0.206
0.221	0.265	0.318	0.196
>SCNSSGGSVGSR	3-SCNSSGGSVGSR	3.340282	-852.440165	0	T:13511.0(32.38%),B:37022.4(22.45%),P:1e-370	Tpos:11.6,Tstd:2.9,Bpos:10.5,Bstd:4.0,StrandBias:10.0,Multiplicity:1.07
0.052	0.430	0.392	0.126
0.123	0.786	0.001	0.090
0.229	0.309	0.234	0.227
0.009	0.464	0.516	0.011
0.157	0.409	0.433	0.001
0.282	0.175	0.475	0.068
0.100	0.237	0.662	0.001
0.175	0.377	0.446	0.001
0.270	0.238	0.341	0.150
0.077	0.336	0.541	0.046
0.118	0.431	0.409	0.041
0.278	0.186	0.366	0.170
>NHNDNCCAGGHR	4-NHNDNCCAGGHR	5.102813	-642.522449	0	T:2606.0(6.24%),B:4098.5(2.49%),P:1e-279	Tpos:10.8,Tstd:1.1,Bpos:10.7,Bstd:4.8,StrandBias:10.0,Multiplicity:1.00
0.262	0.228	0.268	0.242
0.338	0.257	0.001	0.403
0.219	0.269	0.238	0.274
0.348	0.042	0.272	0.338
0.207	0.349	0.203	0.242
0.213	0.663	0.001	0.123
0.190	0.481	0.328	0.001
0.997	0.001	0.001	0.001
0.001	0.001	0.997	0.001
0.174	0.095	0.730	0.001
0.344	0.249	0.056	0.351
0.290	0.190	0.369	0.151
>KTDGCCAMATGW	5-KTDGCCAMATGW	7.457618	-488.686701	0	T:470.0(1.13%),B:118.7(0.07%),P:1e-212	Tpos:11.0,Tstd:0.2,Bpos:9.9,Bstd:5.1,StrandBias:10.0,Multiplicity:1.00
0.133	0.072	0.422	0.373
0.072	0.048	0.084	0.796
0.253	0.108	0.277	0.362
0.048	0.084	0.832	0.036
0.024	0.963	0.001	0.012
0.001	0.997	0.001	0.001
0.868	0.024	0.048	0.060
0.422	0.278	0.204	0.096
0.482	0.097	0.265	0.156
0.048	0.001	0.072	0.879
0.012	0.024	0.928	0.036
0.349	0.157	0.181	0.313
>NSHCCCTCTACD	6-NSHCCCTCTACD	3.468776	-414.971400	0	T:880.0(2.11%),B:837.8(0.51%),P:1e-180	Tpos:10.9,Tstd:0.7,Bpos:10.5,Bstd:3.9,StrandBias:10.0,Multiplicity:1.00
0.239	0.204	0.253	0.304
0.136	0.374	0.297	0.194
0.253	0.319	0.136	0.292
0.201	0.417	0.176	0.206
0.253	0.606	0.001	0.140
0.001	0.997	0.001	0.001
0.001	0.001	0.001	0.997
0.001	0.997	0.001	0.001
0.001	0.001	0.001	0.997
0.997	0.001	0.001	0.001
0.317	0.477	0.105	0.101
0.339	0.136	0.296	0.230
>TYHTCAGGTGAG	7-TYHTCAGGTGAG	6.989555	-275.268830	0	T:477.0(1.14%),B:363.3(0.22%),P:1e-119	Tpos:12.1,Tstd:0.8,Bpos:10.7,Bstd:4.7,StrandBias:10.0,Multiplicity:1.00
0.197	0.051	0.226	0.526
0.114	0.403	0.144	0.339
0.381	0.351	0.001	0.267
0.133	0.072	0.237	0.558
0.001	0.997	0.001	0.001
0.958	0.001	0.040	0.001
0.001	0.001	0.997	0.001
0.001	0.009	0.989	0.001
0.001	0.001	0.001	0.997
0.350	0.061	0.548	0.041
0.538	0.103	0.174	0.185
0.154	0.123	0.588	0.135
>GCWTCCCGGAGR	8-GCWTCCCGGAGR	6.538425	-232.345948	0	T:580.0(1.39%),B:643.0(0.39%),P:1e-100	Tpos:10.5,Tstd:1.4,Bpos:11.1,Bstd:4.8,StrandBias:10.0,Multiplicity:1.00
0.294	0.136	0.496	0.074
0.032	0.716	0.137	0.115
0.441	0.021	0.001	0.537
0.147	0.147	0.063	0.643
0.001	0.726	0.031	0.242
0.168	0.420	0.149	0.263
0.148	0.850	0.001	0.001
0.294	0.001	0.590	0.115
0.001	0.104	0.894	0.001
0.758	0.083	0.001	0.158
0.001	0.083	0.915	0.001
0.326	0.137	0.442	0.095
>TTCRRGAGGCTG	9-TTCRRGAGGCTG	6.657359	-225.333268	0	T:544.0(1.30%),B:585.3(0.35%),P:1e-97	Tpos:12.8,Tstd:2.1,Bpos:10.7,Bstd:4.6,StrandBias:10.0,Multiplicity:1.00
0.332	0.001	0.075	0.592
0.181	0.001	0.071	0.747
0.001	0.988	0.001	0.010
0.311	0.199	0.430	0.060
0.450	0.146	0.403	0.001
0.053	0.139	0.807	0.001
0.568	0.282	0.086	0.064
0.214	0.001	0.618	0.167
0.128	0.275	0.596	0.001
0.278	0.636	0.085	0.001
0.310	0.001	0.053	0.636
0.010	0.064	0.925	0.001
>TTCCCCAGAGCT	10-TTCCCCAGAGCT	7.317906	-171.752413	0	T:350.0(0.84%),B:321.5(0.19%),P:1e-74	Tpos:11.2,Tstd:1.6,Bpos:11.2,Bstd:4.2,StrandBias:10.0,Multiplicity:1.00
0.203	0.001	0.293	0.503
0.288	0.001	0.269	0.442
0.179	0.538	0.001	0.282
0.024	0.828	0.147	0.001
0.001	0.792	0.037	0.170
0.001	0.706	0.292	0.001
0.853	0.001	0.001	0.145
0.280	0.001	0.718	0.001
0.535	0.001	0.379	0.085
0.292	0.001	0.706	0.001
0.135	0.486	0.233	0.147
0.265	0.257	0.049	0.429
>CCTGWDYCCAGA	11-CCTGWDYCCAGA	8.501910	-110.951352	0	T:153.0(0.37%),B:86.4(0.05%),P:1e-48	Tpos:8.9,Tstd:1.5,Bpos:10.6,Bstd:5.7,StrandBias:10.0,Multiplicity:1.00
0.001	0.801	0.142	0.056
0.001	0.971	0.001	0.027
0.001	0.001	0.055	0.943
0.001	0.084	0.744	0.171
0.342	0.141	0.060	0.458
0.343	0.056	0.229	0.372
0.001	0.457	0.001	0.541
0.001	0.943	0.001	0.055
0.001	0.687	0.311	0.001
0.574	0.171	0.085	0.170
0.001	0.001	0.997	0.001
0.512	0.001	0.342	0.145
>GGATTMCAAGCR	12-GGATTMCAAGCR	10.435797	-48.000193	0	T:30.0(0.07%),B:0.8(0.00%),P:1e-20	Tpos:8.4,Tstd:2.1,Bpos:13.1,Bstd:1.7,StrandBias:10.0,Multiplicity:1.00
0.386	0.001	0.548	0.065
0.001	0.065	0.933	0.001
0.933	0.001	0.001	0.065
0.001	0.065	0.001	0.933
0.001	0.001	0.380	0.618
0.552	0.446	0.001	0.001
0.001	0.997	0.001	0.001
0.997	0.001	0.001	0.001
0.582	0.001	0.416	0.001
0.001	0.001	0.997	0.001
0.001	0.997	0.001	0.001
0.446	0.001	0.552	0.001
>CCAGGCTGGTCT	13-CCAGGCTGGTCT	10.593042	-47.358822	0	T:45.0(0.11%),B:12.4(0.01%),P:1e-20	Tpos:7.3,Tstd:3.0,Bpos:8.0,Bstd:0.0,StrandBias:10.0,Multiplicity:1.00
0.001	0.850	0.073	0.076
0.001	0.923	0.001	0.075
0.926	0.001	0.001	0.072
0.219	0.001	0.779	0.001
0.075	0.001	0.923	0.001
0.073	0.853	0.001	0.073
0.001	0.001	0.001	0.997
0.223	0.003	0.698	0.076
0.076	0.073	0.701	0.150
0.073	0.073	0.001	0.853
0.001	0.926	0.072	0.001
0.001	0.073	0.293	0.633
>WCSCWGGCTGAA	14-WCSCWGGCTGAA	10.391360	-46.342586	0	T:47.0(0.11%),B:15.2(0.01%),P:1e-20	Tpos:11.7,Tstd:2.9,Bpos:10.9,Bstd:1.8,StrandBias:10.0,Multiplicity:1.00
0.333	0.001	0.250	0.416
0.001	0.916	0.082	0.001
0.083	0.500	0.416	0.001
0.001	0.997	0.001	0.001
0.499	0.001	0.001	0.499
0.001	0.001	0.997	0.001
0.001	0.001	0.997	0.001
0.001	0.997	0.001	0.001
0.083	0.083	0.001	0.833
0.001	0.249	0.749	0.001
0.667	0.001	0.166	0.166
0.997	0.001	0.001	0.001
>TGCCCAGGCTGG	15-TGCCCAGGCTGG	10.366217	-45.736164	0	T:59.0(0.14%),B:31.9(0.02%),P:1e-19	Tpos:12.1,Tstd:1.2,Bpos:12.0,Bstd:2.0,StrandBias:10.0,Multiplicity:1.00
0.001	0.142	0.001	0.856
0.001	0.285	0.643	0.071
0.071	0.500	0.286	0.143
0.001	0.997	0.001	0.001
0.071	0.857	0.071	0.001
0.785	0.001	0.071	0.143
0.001	0.001	0.928	0.070
0.071	0.001	0.857	0.071
0.001	0.997	0.001	0.001
0.001	0.001	0.001	0.997
0.071	0.071	0.787	0.071
0.071	0.143	0.785	0.001
>MACAGCTCCASW	16-MACAGCTCCASW	9.109292	-31.905102	0	T:50.0(0.12%),B:36.5(0.02%),P:1e-13	Tpos:11.1,Tstd:1.4,Bpos:8.8,Bstd:3.8,StrandBias:10.0,Multiplicity:1.00
0.404	0.411	0.046	0.139
0.634	0.183	0.044	0.139
0.320	0.491	0.044	0.145
0.633	0.002	0.360	0.005
0.001	0.001	0.955	0.043
0.001	0.774	0.001	0.224
0.001	0.044	0.044	0.911
0.044	0.824	0.088	0.044
0.001	0.955	0.001	0.043
0.864	0.044	0.044	0.048
0.233	0.402	0.272	0.093
0.498	0.047	0.092	0.362
>CAGCCTCAACAG	17-CAGCCTCAACAG	9.032520	-31.063662	0	T:24.0(0.06%),B:3.6(0.00%),P:1e-13	Tpos:8.6,Tstd:2.2,Bpos:0.0,Bstd:0.0,StrandBias:10.0,Multiplicity:1.00
0.100	0.712	0.118	0.070
0.641	0.112	0.092	0.155
0.104	0.129	0.628	0.139
0.084	0.740	0.088	0.088
0.151	0.608	0.082	0.159
0.139	0.102	0.088	0.671
0.080	0.707	0.147	0.066
0.628	0.161	0.119	0.092
0.533	0.145	0.175	0.147
0.088	0.723	0.137	0.052
0.680	0.114	0.118	0.088
0.102	0.078	0.726	0.094
>GTAWTCCCAGCA	18-GTAWTCCCAGCA	10.952422	-26.982702	0	T:20.0(0.05%),B:3.0(0.00%),P:1e-11	Tpos:9.0,Tstd:1.9,Bpos:13.0,Bstd:0.0,StrandBias:10.0,Multiplicity:1.00
0.001	0.001	0.997	0.001
0.007	0.001	0.001	0.991
0.690	0.001	0.158	0.151
0.388	0.151	0.159	0.302
0.001	0.001	0.150	0.848
0.151	0.697	0.151	0.001
0.001	0.848	0.150	0.001
0.001	0.997	0.001	0.001
0.997	0.001	0.001	0.001
0.007	0.001	0.991	0.001
0.001	0.997	0.001	0.001
0.682	0.001	0.151	0.166
>GCWGAGCGAGAY	19-GCWGAGCGAGAY	10.823512	-24.519172	0	T:17.0(0.04%),B:1.7(0.00%),P:1e-10	Tpos:11.7,Tstd:2.4,Bpos:10.5,Bstd:1.2,StrandBias:10.0,Multiplicity:1.00
0.389	0.010	0.600	0.001
0.001	0.904	0.094	0.001
0.429	0.001	0.001	0.569
0.001	0.192	0.806	0.001
0.689	0.001	0.001	0.309
0.010	0.005	0.608	0.377
0.001	0.890	0.001	0.108
0.004	0.001	0.994	0.001
0.801	0.001	0.197	0.001
0.103	0.001	0.895	0.001
0.524	0.193	0.001	0.282
0.005	0.391	0.192	0.412
>CCCCTTCCCAGA	20-CCCCTTCCCAGA	12.171112	-23.997944	0	T:15.0(0.04%),B:0.4(0.00%),P:1e-10	Tpos:8.6,Tstd:0.7,Bpos:6.0,Bstd:0.0,StrandBias:10.0,Multiplicity:1.00
0.001	0.997	0.001	0.001
0.001	0.997	0.001	0.001
0.001	0.899	0.099	0.001
0.100	0.799	0.001	0.100
0.001	0.099	0.001	0.899
0.099	0.001	0.001	0.899
0.001	0.899	0.099	0.001
0.001	0.997	0.001	0.001
0.001	0.997	0.001	0.001
0.799	0.001	0.001	0.199
0.001	0.001	0.997	0.001
0.899	0.099	0.001	0.001
>TCAGGCTGTGAR	21-TCAGGCTGTGAR	7.530332	-19.361767	0	T:52.0(0.12%),B:66.1(0.04%),P:1e-8	Tpos:14.1,Tstd:2.3,Bpos:10.1,Bstd:4.4,StrandBias:10.0,Multiplicity:1.00
0.126	0.138	0.145	0.591
0.049	0.788	0.101	0.062
0.605	0.159	0.118	0.118
0.145	0.118	0.647	0.090
0.128	0.138	0.646	0.088
0.136	0.681	0.087	0.096
0.181	0.079	0.142	0.598
0.085	0.176	0.630	0.109
0.174	0.141	0.126	0.559
0.114	0.172	0.632	0.082
0.549	0.203	0.156	0.092
0.319	0.075	0.388	0.218
>TAGCAGCTGAAA	22-TAGCAGCTGAAA	11.345468	-15.998151	0	T:10.0(0.02%),B:0.5(0.00%),P:1e-6	Tpos:13.0,Tstd:0.0,Bpos:12.0,Bstd:0.0,StrandBias:10.0,Multiplicity:1.00
0.347	0.001	0.001	0.651
0.579	0.021	0.263	0.137
0.116	0.116	0.767	0.001
0.001	0.997	0.001	0.001
0.997	0.001	0.001	0.001
0.001	0.001	0.997	0.001
0.116	0.620	0.263	0.001
0.388	0.001	0.001	0.610
0.001	0.001	0.997	0.001
0.873	0.010	0.116	0.001
0.997	0.001	0.001	0.001
0.757	0.001	0.001	0.241
>TGCAGTGAGCCG	23-TGCAGTGAGCCG	12.355432	-15.998151	0	T:10.0(0.02%),B:0.0(0.00%),P:1e-6	Tpos:10.9,Tstd:3.8,Bpos:0.0,Bstd:0.0,StrandBias:10.0,Multiplicity:1.00
0.100	0.100	0.100	0.700
0.100	0.100	0.700	0.100
0.100	0.700	0.100	0.100
0.700	0.100	0.100	0.100
0.100	0.100	0.700	0.100
0.100	0.100	0.100	0.700
0.100	0.100	0.700	0.100
0.700	0.100	0.100	0.100
0.100	0.100	0.700	0.100
0.100	0.700	0.100	0.100
0.100	0.700	0.100	0.100
0.100	0.100	0.700	0.100
>NCAGSCTGGAGA	24-NCAGSCTGGAGA	9.102076	-14.241277	0	T:37.0(0.09%),B:47.8(0.03%),P:1e-6	Tpos:12.2,Tstd:1.4,Bpos:12.0,Bstd:3.6,StrandBias:10.0,Multiplicity:1.00
0.219	0.216	0.328	0.237
0.036	0.820	0.054	0.090
0.782	0.072	0.056	0.090
0.217	0.182	0.402	0.200
0.162	0.365	0.455	0.018
0.036	0.910	0.036	0.018
0.054	0.001	0.072	0.873
0.001	0.093	0.905	0.001
0.127	0.021	0.834	0.018
0.836	0.054	0.055	0.055
0.054	0.273	0.654	0.019
0.688	0.220	0.055	0.037
>NNNNNNNNNNNN	25-NNNNNNNNNNNN	-nan	0.000000	0	T:0.0(0.00%),B:0.0(0.00%),P:1e0	Tpos:0.0,Tstd:0.0,Bpos:0.0,Bstd:0.0,StrandBias:0.0,Multiplicity:1.00
-nan	-nan	-nan	-nan
-nan	-nan	-nan	-nan
-nan	-nan	-nan	-nan
-nan	-nan	-nan	-nan
-nan	-nan	-nan	-nan
-nan	-nan	-nan	-nan
-nan	-nan	-nan	-nan
-nan	-nan	-nan	-nan
-nan	-nan	-nan	-nan
-nan	-nan	-nan	-nan
-nan	-nan	-nan	-nan
-nan	-nan	-nan	-nan
