>YCTCCARVNN	1-YCTCCARVNN	1.841921	-7327.763847	0	T:9764.0(23.40%),B:5891.8(3.57%),P:1e-3182	Tpos:13.6,Tstd:1.6,Bpos:10.5,Bstd:6.2,StrandBias:10.0,Multiplicity:1.01
0.219	0.445	0.001	0.335
0.001	0.997	0.001	0.001
0.001	0.001	0.001	0.997
0.001	0.997	0.001	0.001
0.001	0.908	0.001	0.090
0.997	0.001	0.001	0.001
0.269	0.178	0.382	0.171
0.330	0.229	0.263	0.178
0.274	0.238	0.267	0.222
0.237	0.260	0.254	0.250
>CCCGGGGSCC	2-CCCGGGGSCC	3.021590	-2437.369887	0	T:13290.0(31.85%),B:26480.6(16.06%),P:1e-1058	Tpos:12.5,Tstd:2.6,Bpos:10.5,Bstd:4.8,StrandBias:10.0,Multiplicity:1.07
0.078	0.585	0.056	0.281
0.002	0.750	0.106	0.142
0.040	0.644	0.303	0.013
0.200	0.235	0.563	0.002
0.041	0.001	0.957	0.001
0.075	0.001	0.923	0.001
0.313	0.141	0.469	0.077
0.187	0.317	0.401	0.095
0.131	0.501	0.227	0.141
0.129	0.487	0.133	0.252
>HNCAGGDNWN	3-HNCAGGDNWN	4.463599	-1937.526340	0	T:6760.0(16.20%),B:10082.8(6.11%),P:1e-841	Tpos:12.5,Tstd:2.1,Bpos:10.5,Bstd:5.8,StrandBias:10.0,Multiplicity:1.01
0.308	0.294	0.079	0.319
0.202	0.272	0.205	0.321
0.001	0.911	0.087	0.001
0.734	0.001	0.001	0.264
0.117	0.001	0.881	0.001
0.206	0.001	0.792	0.001
0.317	0.063	0.330	0.289
0.312	0.203	0.308	0.176
0.348	0.188	0.146	0.318
0.277	0.244	0.173	0.306
>WSNTCGAGGW	4-WSNTCGAGGW	5.051827	-737.125300	0	T:2014.0(4.83%),B:2418.9(1.47%),P:1e-320	Tpos:11.0,Tstd:1.9,Bpos:10.5,Bstd:5.0,StrandBias:10.0,Multiplicity:1.01
0.322	0.171	0.129	0.377
0.093	0.405	0.266	0.236
0.253	0.254	0.185	0.307
0.221	0.163	0.231	0.385
0.001	0.997	0.001	0.001
0.330	0.001	0.668	0.001
0.755	0.001	0.016	0.228
0.018	0.020	0.961	0.001
0.191	0.167	0.590	0.052
0.322	0.210	0.104	0.364
>TDGCCAMATG	5-TDGCCAMATG	7.969150	-455.656623	0	T:380.0(0.91%),B:57.8(0.04%),P:1e-197	Tpos:11.0,Tstd:0.6,Bpos:10.4,Bstd:4.0,StrandBias:10.0,Multiplicity:1.00
0.013	0.038	0.019	0.930
0.263	0.069	0.305	0.363
0.037	0.049	0.893	0.021
0.014	0.976	0.005	0.005
0.016	0.978	0.005	0.001
0.891	0.053	0.035	0.021
0.453	0.408	0.081	0.059
0.661	0.068	0.150	0.121
0.016	0.016	0.023	0.945
0.021	0.037	0.917	0.025
>TKTCAGAGSY	6-TKTCAGAGSY	6.268296	-258.731570	0	T:933.0(2.24%),B:1354.0(0.82%),P:1e-112	Tpos:11.6,Tstd:2.0,Bpos:10.8,Bstd:5.9,StrandBias:10.0,Multiplicity:1.00
0.242	0.177	0.046	0.535
0.126	0.180	0.381	0.314
0.125	0.144	0.230	0.501
0.001	0.997	0.001	0.001
0.720	0.001	0.252	0.027
0.038	0.026	0.935	0.001
0.918	0.015	0.066	0.001
0.001	0.001	0.997	0.001
0.162	0.402	0.265	0.172
0.141	0.302	0.138	0.420
>KTTGCCAADT	7-KTTGCCAADT	7.752219	-249.250067	0	T:240.0(0.58%),B:61.6(0.04%),P:1e-108	Tpos:9.7,Tstd:1.5,Bpos:10.7,Bstd:3.9,StrandBias:10.0,Multiplicity:1.00
0.001	0.073	0.428	0.498
0.001	0.001	0.001	0.997
0.135	0.074	0.152	0.639
0.001	0.161	0.547	0.291
0.001	0.997	0.001	0.001
0.001	0.997	0.001	0.001
0.729	0.001	0.232	0.038
0.453	0.149	0.245	0.153
0.360	0.001	0.347	0.292
0.001	0.144	0.211	0.644
>GCWGCAGCAG	8-GCWGCAGCAG	7.743019	-198.686263	0	T:526.0(1.26%),B:612.7(0.37%),P:1e-86	Tpos:10.4,Tstd:3.1,Bpos:10.2,Bstd:6.8,StrandBias:10.0,Multiplicity:1.02
0.019	0.324	0.528	0.129
0.001	0.953	0.037	0.009
0.460	0.001	0.022	0.517
0.019	0.001	0.940	0.040
0.178	0.631	0.190	0.001
0.682	0.013	0.043	0.262
0.022	0.019	0.930	0.029
0.030	0.849	0.120	0.001
0.662	0.004	0.028	0.306
0.001	0.001	0.997	0.001
>CAGCGGCTGC	9-CAGCGGCTGC	7.801966	-84.041785	0	T:307.0(0.74%),B:453.8(0.28%),P:1e-36	Tpos:13.0,Tstd:3.3,Bpos:9.8,Bstd:5.4,StrandBias:10.0,Multiplicity:1.01
0.001	0.818	0.153	0.028
0.652	0.030	0.267	0.051
0.092	0.023	0.884	0.001
0.344	0.540	0.060	0.056
0.001	0.115	0.814	0.070
0.028	0.220	0.590	0.162
0.028	0.908	0.018	0.046
0.047	0.030	0.045	0.878
0.013	0.047	0.912	0.028
0.001	0.676	0.294	0.029
>CGAGCGCGTG	10-CGAGCGCGTG	6.259971	-81.410800	0	T:280.0(0.67%),B:398.9(0.24%),P:1e-35	Tpos:12.2,Tstd:3.0,Bpos:10.8,Bstd:3.7,StrandBias:10.0,Multiplicity:1.01
0.072	0.777	0.046	0.105
0.255	0.056	0.651	0.038
0.678	0.092	0.089	0.141
0.001	0.131	0.853	0.015
0.201	0.605	0.042	0.152
0.143	0.148	0.619	0.090
0.102	0.523	0.234	0.141
0.116	0.194	0.555	0.135
0.182	0.167	0.218	0.433
0.094	0.210	0.565	0.131
>WTBACAGGCK	11-WTBACAGGCK	7.044367	-65.018054	0	T:247.0(0.59%),B:375.7(0.23%),P:1e-28	Tpos:10.8,Tstd:1.8,Bpos:10.9,Bstd:5.5,StrandBias:10.0,Multiplicity:1.00
0.405	0.001	0.161	0.433
0.168	0.001	0.001	0.830
0.001	0.373	0.364	0.262
0.583	0.001	0.415	0.001
0.001	0.997	0.001	0.001
0.583	0.050	0.366	0.001
0.001	0.001	0.997	0.001
0.222	0.201	0.576	0.001
0.407	0.591	0.001	0.001
0.204	0.001	0.359	0.436
>AACCGGGTGT	12-AACCGGGTGT	7.089139	-62.825633	0	T:161.0(0.39%),B:186.2(0.11%),P:1e-27	Tpos:12.4,Tstd:1.1,Bpos:9.7,Bstd:5.0,StrandBias:10.0,Multiplicity:1.00
0.814	0.080	0.066	0.040
0.844	0.001	0.116	0.039
0.111	0.699	0.136	0.054
0.095	0.695	0.109	0.101
0.038	0.065	0.862	0.035
0.065	0.076	0.827	0.032
0.078	0.054	0.857	0.011
0.127	0.065	0.011	0.797
0.044	0.061	0.873	0.022
0.152	0.028	0.082	0.738
>GAGGCTGAGC	13-GAGGCTGAGC	9.300765	-61.592184	0	T:89.0(0.21%),B:55.2(0.03%),P:1e-26	Tpos:9.5,Tstd:4.1,Bpos:9.1,Bstd:4.3,StrandBias:10.0,Multiplicity:1.00
0.001	0.349	0.649	0.001
0.707	0.291	0.001	0.001
0.001	0.001	0.941	0.057
0.021	0.001	0.977	0.001
0.001	0.997	0.001	0.001
0.001	0.146	0.001	0.852
0.001	0.057	0.941	0.001
0.997	0.001	0.001	0.001
0.057	0.001	0.941	0.001
0.001	0.965	0.033	0.001
>MACACGGGCT	14-MACACGGGCT	8.420295	-56.333984	0	T:75.0(0.18%),B:41.0(0.02%),P:1e-24	Tpos:11.4,Tstd:1.0,Bpos:12.1,Bstd:2.4,StrandBias:10.0,Multiplicity:1.00
0.552	0.446	0.001	0.001
0.746	0.001	0.252	0.001
0.258	0.740	0.001	0.001
0.753	0.001	0.245	0.001
0.001	0.914	0.001	0.084
0.197	0.027	0.734	0.042
0.086	0.131	0.699	0.084
0.128	0.001	0.870	0.001
0.042	0.616	0.300	0.042
0.042	0.001	0.202	0.755
>AGGCTGGTCT	15-AGGCTGGTCT	7.359776	-52.919129	0	T:47.0(0.11%),B:10.3(0.01%),P:1e-22	Tpos:8.4,Tstd:3.6,Bpos:10.9,Bstd:2.5,StrandBias:10.0,Multiplicity:1.00
0.997	0.001	0.001	0.001
0.001	0.001	0.997	0.001
0.001	0.001	0.997	0.001
0.181	0.773	0.001	0.045
0.001	0.001	0.001	0.997
0.044	0.001	0.954	0.001
0.045	0.001	0.909	0.045
0.001	0.001	0.001	0.997
0.001	0.997	0.001	0.001
0.001	0.001	0.001	0.997
>KGGMTTDCAG	16-KGGMTTDCAG	8.635853	-45.619678	0	T:65.0(0.16%),B:41.0(0.02%),P:1e-19	Tpos:8.6,Tstd:2.9,Bpos:9.2,Bstd:1.9,StrandBias:10.0,Multiplicity:1.00
0.061	0.211	0.393	0.336
0.157	0.057	0.729	0.057
0.001	0.001	0.997	0.001
0.486	0.386	0.061	0.068
0.001	0.149	0.001	0.849
0.001	0.057	0.036	0.906
0.294	0.057	0.285	0.364
0.001	0.997	0.001	0.001
0.997	0.001	0.001	0.001
0.001	0.001	0.997	0.001
>CTGGGATKWC	17-CTGGGATKWC	10.192669	-43.276166	0	T:42.0(0.10%),B:12.5(0.01%),P:1e-18	Tpos:10.4,Tstd:4.8,Bpos:9.0,Bstd:0.0,StrandBias:10.0,Multiplicity:1.00
0.001	0.997	0.001	0.001
0.001	0.001	0.001	0.997
0.001	0.001	0.997	0.001
0.001	0.001	0.997	0.001
0.329	0.001	0.669	0.001
0.692	0.306	0.001	0.001
0.001	0.239	0.126	0.634
0.001	0.001	0.465	0.533
0.437	0.016	0.130	0.417
0.001	0.921	0.001	0.077
>TTCGATGTTA	18-TTCGATGTTA	8.125756	-43.265034	0	T:48.0(0.12%),B:19.1(0.01%),P:1e-18	Tpos:13.0,Tstd:0.5,Bpos:10.2,Bstd:2.4,StrandBias:10.0,Multiplicity:1.00
0.120	0.121	0.001	0.758
0.060	0.030	0.030	0.880
0.001	0.939	0.030	0.030
0.030	0.030	0.939	0.001
0.819	0.060	0.120	0.001
0.242	0.150	0.001	0.607
0.001	0.001	0.937	0.061
0.001	0.030	0.049	0.920
0.062	0.153	0.213	0.572
0.644	0.032	0.081	0.243
>TCCACAGGGT	19-TCCACAGGGT	10.182673	-38.515903	0	T:45.0(0.11%),B:20.2(0.01%),P:1e-16	Tpos:12.8,Tstd:2.1,Bpos:11.1,Bstd:2.9,StrandBias:10.0,Multiplicity:1.00
0.067	0.001	0.001	0.931
0.067	0.931	0.001	0.001
0.067	0.931	0.001	0.001
0.863	0.001	0.068	0.068
0.001	0.997	0.001	0.001
0.863	0.001	0.068	0.068
0.001	0.001	0.997	0.001
0.001	0.001	0.931	0.067
0.068	0.205	0.659	0.068
0.001	0.042	0.001	0.956
>TGGACGCCGA	20-TGGACGCCGA	8.332499	-36.819662	0	T:98.0(0.23%),B:119.0(0.07%),P:1e-15	Tpos:10.8,Tstd:3.6,Bpos:10.0,Bstd:3.3,StrandBias:10.0,Multiplicity:1.00
0.034	0.245	0.077	0.644
0.001	0.349	0.649	0.001
0.033	0.001	0.965	0.001
0.650	0.348	0.001	0.001
0.001	0.745	0.144	0.110
0.001	0.001	0.997	0.001
0.186	0.812	0.001	0.001
0.001	0.840	0.001	0.158
0.221	0.001	0.777	0.001
0.610	0.355	0.034	0.001
>CGCAGATGTT	21-CGCAGATGTT	7.992998	-33.679487	0	T:57.0(0.14%),B:45.8(0.03%),P:1e-14	Tpos:13.8,Tstd:1.6,Bpos:11.0,Bstd:3.8,StrandBias:10.0,Multiplicity:1.00
0.091	0.695	0.064	0.150
0.171	0.021	0.723	0.085
0.042	0.786	0.171	0.001
0.936	0.021	0.001	0.042
0.021	0.021	0.957	0.001
0.893	0.085	0.001	0.021
0.129	0.043	0.091	0.737
0.043	0.108	0.806	0.043
0.155	0.108	0.044	0.693
0.064	0.107	0.043	0.786
>CCGTGAGCCG	22-CCGTGAGCCG	10.384516	-28.753708	0	T:31.0(0.07%),B:12.9(0.01%),P:1e-12	Tpos:10.4,Tstd:3.5,Bpos:9.7,Bstd:3.1,StrandBias:10.0,Multiplicity:1.00
0.001	0.997	0.001	0.001
0.134	0.864	0.001	0.001
0.216	0.216	0.567	0.001
0.001	0.001	0.001	0.997
0.001	0.001	0.997	0.001
0.783	0.001	0.001	0.215
0.001	0.001	0.997	0.001
0.001	0.997	0.001	0.001
0.215	0.783	0.001	0.001
0.001	0.001	0.997	0.001
>ACAAGGTGCT	23-ACAAGGTGCT	10.208855	-25.468808	0	T:26.0(0.06%),B:9.4(0.01%),P:1e-11	Tpos:13.2,Tstd:2.3,Bpos:9.4,Bstd:2.3,StrandBias:10.0,Multiplicity:1.00
0.932	0.066	0.001	0.001
0.001	0.932	0.066	0.001
0.932	0.001	0.066	0.001
0.800	0.133	0.066	0.001
0.066	0.001	0.867	0.066
0.066	0.066	0.867	0.001
0.066	0.066	0.001	0.867
0.001	0.001	0.932	0.066
0.001	0.932	0.066	0.001
0.001	0.001	0.001	0.997
>CAAGTAAGTC	24-CAAGTAAGTC	10.217720	-21.329227	0	T:22.0(0.05%),B:8.6(0.01%),P:1e-9	Tpos:13.2,Tstd:3.4,Bpos:12.1,Bstd:1.6,StrandBias:10.0,Multiplicity:1.00
0.001	0.997	0.001	0.001
0.997	0.001	0.001	0.001
0.930	0.001	0.068	0.001
0.001	0.001	0.997	0.001
0.069	0.097	0.069	0.765
0.860	0.001	0.138	0.001
0.930	0.001	0.068	0.001
0.001	0.068	0.930	0.001
0.001	0.069	0.069	0.861
0.139	0.791	0.069	0.001
>TAATCCCAGC	25-TAATCCCAGC	11.136049	-16.839316	0	T:12.0(0.03%),B:1.5(0.00%),P:1e-7	Tpos:8.6,Tstd:2.1,Bpos:11.6,Bstd:1.9,StrandBias:10.0,Multiplicity:1.00
0.001	0.001	0.001	0.997
0.947	0.051	0.001	0.001
0.947	0.051	0.001	0.001
0.001	0.001	0.081	0.917
0.001	0.997	0.001	0.001
0.001	0.997	0.001	0.001
0.001	0.997	0.001	0.001
0.997	0.001	0.001	0.001
0.081	0.001	0.917	0.001
0.001	0.997	0.001	0.001
