>NCAATTATTN	1-NCAATTATTN	5.793654	-18254.066258	0	T:16664.0(15.17%),B:5740.1(1.12%),P:1e-7927	Tpos:15.9,Tstd:0.9,Bpos:10.7,Bstd:5.6,StrandBias:10.0,Multiplicity:1.00
0.246	0.266	0.256	0.233
0.072	0.706	0.104	0.118
0.954	0.013	0.001	0.032
0.997	0.001	0.001	0.001
0.001	0.001	0.001	0.997
0.001	0.095	0.001	0.903
0.988	0.001	0.010	0.001
0.009	0.001	0.001	0.989
0.001	0.001	0.026	0.972
0.242	0.272	0.234	0.251
>ATTGCAYMAT	2-ATTGCAYMAT	6.495879	-12415.617110	0	T:9497.0(8.65%),B:1677.6(0.33%),P:1e-5391	Tpos:12.0,Tstd:0.4,Bpos:10.3,Bstd:4.9,StrandBias:10.0,Multiplicity:1.00
0.755	0.057	0.173	0.015
0.002	0.002	0.004	0.992
0.001	0.003	0.004	0.992
0.019	0.001	0.803	0.177
0.001	0.995	0.002	0.002
0.798	0.037	0.097	0.068
0.090	0.490	0.001	0.419
0.573	0.424	0.002	0.001
0.989	0.004	0.006	0.001
0.001	0.375	0.012	0.612
>TGTTTACTYW	3-TGTTTACTYW	6.575013	-7763.197730	0	T:6442.0(5.86%),B:1507.0(0.29%),P:1e-3371	Tpos:10.0,Tstd:0.5,Bpos:10.6,Bstd:4.1,StrandBias:10.0,Multiplicity:1.00
0.003	0.001	0.002	0.994
0.048	0.002	0.949	0.001
0.001	0.001	0.002	0.996
0.001	0.004	0.013	0.982
0.003	0.001	0.040	0.956
0.574	0.014	0.382	0.030
0.001	0.973	0.003	0.023
0.314	0.088	0.005	0.593
0.027	0.440	0.062	0.471
0.425	0.001	0.031	0.543
>GGGGKTYCCC	4-GGGGKTYCCC	7.423619	-6709.253600	0	T:4570.0(4.16%),B:396.7(0.08%),P:1e-2913	Tpos:6.4,Tstd:0.8,Bpos:10.4,Bstd:3.8,StrandBias:10.0,Multiplicity:1.00
0.056	0.048	0.842	0.054
0.011	0.004	0.975	0.010
0.052	0.006	0.923	0.019
0.391	0.025	0.565	0.019
0.217	0.021	0.394	0.369
0.268	0.134	0.157	0.441
0.031	0.503	0.030	0.436
0.010	0.730	0.012	0.248
0.010	0.943	0.005	0.042
0.026	0.927	0.021	0.026
>CCATTGTYYT	5-CCATTGTYYT	6.609359	-6416.727981	0	T:5385.0(4.90%),B:1296.2(0.25%),P:1e-2786	Tpos:6.1,Tstd:0.7,Bpos:10.5,Bstd:4.6,StrandBias:10.0,Multiplicity:1.00
0.001	0.701	0.159	0.139
0.001	0.968	0.001	0.030
0.692	0.001	0.001	0.306
0.001	0.001	0.002	0.996
0.001	0.001	0.001	0.997
0.001	0.001	0.997	0.001
0.001	0.001	0.001	0.997
0.001	0.469	0.003	0.527
0.001	0.446	0.001	0.552
0.026	0.332	0.076	0.566
>GGGGATTCCC	6-GGGGATTCCC	7.545191	-6399.566037	0	T:4360.0(3.97%),B:378.0(0.07%),P:1e-2779	Tpos:6.7,Tstd:1.6,Bpos:10.4,Bstd:4.2,StrandBias:10.0,Multiplicity:1.00
0.086	0.012	0.838	0.064
0.060	0.001	0.897	0.042
0.300	0.001	0.698	0.001
0.259	0.185	0.544	0.012
0.406	0.176	0.235	0.183
0.192	0.001	0.065	0.742
0.009	0.346	0.112	0.533
0.018	0.659	0.001	0.322
0.015	0.729	0.001	0.255
0.030	0.850	0.017	0.103
>AVCAGGAAGT	7-AVCAGGAAGT	6.844082	-4237.899520	0	T:3577.0(3.26%),B:863.4(0.17%),P:1e-1840	Tpos:10.0,Tstd:0.6,Bpos:10.5,Bstd:4.2,StrandBias:10.0,Multiplicity:1.00
0.601	0.088	0.154	0.157
0.331	0.285	0.259	0.125
0.040	0.803	0.154	0.003
0.643	0.353	0.002	0.002
0.001	0.004	0.992	0.003
0.002	0.003	0.993	0.002
0.993	0.003	0.001	0.003
0.989	0.004	0.004	0.003
0.054	0.003	0.942	0.001
0.106	0.132	0.002	0.760
>AAAATGGCBG	8-AAAATGGCBG	7.272062	-3539.516494	0	T:2563.0(2.33%),B:317.3(0.06%),P:1e-1537	Tpos:13.9,Tstd:0.8,Bpos:10.6,Bstd:3.6,StrandBias:10.0,Multiplicity:1.00
0.972	0.002	0.021	0.005
0.968	0.006	0.011	0.015
0.465	0.192	0.307	0.036
0.994	0.003	0.001	0.002
0.001	0.003	0.001	0.995
0.003	0.006	0.989	0.002
0.004	0.004	0.990	0.002
0.092	0.830	0.001	0.077
0.149	0.270	0.269	0.313
0.100	0.122	0.684	0.094
>GGTCACMBTG	9-GGTCACMBTG	7.007605	-934.722784	0	T:1231.0(1.12%),B:805.8(0.16%),P:1e-405	Tpos:7.3,Tstd:1.5,Bpos:10.8,Bstd:4.5,StrandBias:10.0,Multiplicity:1.00
0.004	0.001	0.951	0.044
0.001	0.004	0.991	0.004
0.001	0.001	0.083	0.915
0.001	0.940	0.058	0.001
0.995	0.001	0.001	0.003
0.036	0.589	0.250	0.125
0.385	0.346	0.148	0.121
0.189	0.347	0.260	0.204
0.324	0.146	0.054	0.476
0.097	0.013	0.889	0.001
>YKRTGACTCA	10-YKRTGACTCA	8.169484	-179.808043	0	T:242.0(0.22%),B:166.4(0.03%),P:1e-78	Tpos:5.8,Tstd:2.3,Bpos:10.2,Bstd:3.8,StrandBias:10.0,Multiplicity:1.00
0.211	0.366	0.201	0.223
0.253	0.001	0.419	0.326
0.412	0.009	0.548	0.031
0.036	0.042	0.056	0.866
0.078	0.018	0.870	0.034
0.873	0.043	0.062	0.022
0.027	0.573	0.385	0.015
0.085	0.053	0.048	0.814
0.061	0.883	0.029	0.027
0.664	0.207	0.077	0.052
