>NNCAATTATT	1-NNCAATTATT	5.614450	-18487.368806	0	T:16225.0(14.77%),B:4982.4(0.97%),P:1e-8028	Tpos:14.9,Tstd:0.6,Bpos:10.5,Bstd:5.5,StrandBias:10.0,Multiplicity:1.00
0.266	0.226	0.272	0.237
0.249	0.245	0.259	0.247
0.068	0.714	0.103	0.115
0.954	0.007	0.001	0.038
0.997	0.001	0.001	0.001
0.001	0.001	0.001	0.997
0.002	0.100	0.001	0.897
0.991	0.001	0.007	0.001
0.006	0.001	0.001	0.992
0.001	0.001	0.025	0.973
>ATTGCAYAAT	2-ATTGCAYAAT	6.556660	-12547.086081	0	T:9485.0(8.63%),B:1587.9(0.31%),P:1e-5449	Tpos:12.0,Tstd:0.4,Bpos:10.4,Bstd:5.0,StrandBias:10.0,Multiplicity:1.00
0.761	0.055	0.170	0.014
0.003	0.001	0.004	0.992
0.002	0.003	0.004	0.991
0.021	0.001	0.799	0.179
0.001	0.997	0.001	0.001
0.783	0.038	0.096	0.083
0.081	0.490	0.001	0.428
0.589	0.408	0.002	0.001
0.991	0.004	0.004	0.001
0.001	0.375	0.016	0.608
>TGTTTACTYW	3-TGTTTACTYW	6.590067	-7767.438694	0	T:6430.0(5.85%),B:1489.2(0.29%),P:1e-3373	Tpos:10.0,Tstd:0.5,Bpos:10.7,Bstd:4.2,StrandBias:10.0,Multiplicity:1.00
0.004	0.001	0.001	0.994
0.043	0.001	0.955	0.001
0.001	0.003	0.001	0.995
0.001	0.004	0.011	0.984
0.003	0.001	0.044	0.952
0.588	0.013	0.372	0.027
0.001	0.971	0.003	0.025
0.306	0.099	0.005	0.590
0.031	0.426	0.063	0.479
0.424	0.001	0.028	0.547
>GGGGRWTCCC	4-GGGGRWTCCC	7.804150	-6615.850252	0	T:4584.0(4.17%),B:446.2(0.09%),P:1e-2873	Tpos:6.2,Tstd:0.8,Bpos:10.9,Bstd:3.7,StrandBias:10.0,Multiplicity:1.00
0.107	0.087	0.690	0.116
0.001	0.001	0.997	0.001
0.016	0.001	0.982	0.001
0.344	0.001	0.654	0.001
0.336	0.022	0.427	0.214
0.359	0.108	0.124	0.410
0.133	0.240	0.185	0.442
0.001	0.632	0.001	0.366
0.001	0.843	0.001	0.155
0.001	0.993	0.001	0.005
>CCATTGTYYT	5-CCATTGTYYT	6.897855	-6454.574282	0	T:5273.0(4.80%),B:1151.7(0.22%),P:1e-2803	Tpos:6.1,Tstd:0.6,Bpos:10.4,Bstd:4.6,StrandBias:10.0,Multiplicity:1.00
0.001	0.696	0.147	0.156
0.004	0.969	0.001	0.026
0.687	0.001	0.001	0.311
0.001	0.001	0.005	0.993
0.001	0.001	0.001	0.997
0.001	0.001	0.997	0.001
0.001	0.001	0.001	0.997
0.001	0.463	0.002	0.534
0.003	0.444	0.001	0.552
0.034	0.302	0.093	0.571
>GGGRDYYYCC	6-GGGRDYYYCC	6.859454	-6403.248482	0	T:4985.0(4.54%),B:898.6(0.18%),P:1e-2780	Tpos:7.1,Tstd:2.0,Bpos:10.4,Bstd:3.8,StrandBias:10.0,Multiplicity:1.00
0.119	0.001	0.877	0.003
0.079	0.001	0.912	0.008
0.235	0.001	0.751	0.013
0.444	0.077	0.424	0.055
0.313	0.127	0.212	0.348
0.170	0.270	0.164	0.396
0.001	0.537	0.001	0.461
0.006	0.551	0.001	0.442
0.001	0.781	0.001	0.217
0.077	0.897	0.007	0.019
>AVCAGGAAGT	7-AVCAGGAAGT	6.620549	-4107.285464	0	T:3658.0(3.33%),B:1046.3(0.20%),P:1e-1783	Tpos:10.0,Tstd:0.6,Bpos:10.4,Bstd:4.0,StrandBias:10.0,Multiplicity:1.00
0.598	0.087	0.168	0.147
0.339	0.273	0.264	0.124
0.031	0.815	0.152	0.002
0.645	0.350	0.002	0.003
0.001	0.003	0.995	0.001
0.003	0.001	0.994	0.002
0.991	0.004	0.001	0.004
0.989	0.003	0.007	0.001
0.062	0.002	0.932	0.004
0.099	0.132	0.001	0.768
>AAAATGGCBG	8-AAAATGGCBG	7.634163	-3601.421701	0	T:2525.0(2.30%),B:257.8(0.05%),P:1e-1564	Tpos:13.9,Tstd:0.7,Bpos:10.3,Bstd:3.4,StrandBias:10.0,Multiplicity:1.00
0.982	0.001	0.016	0.001
0.973	0.008	0.007	0.012
0.476	0.197	0.293	0.033
0.997	0.001	0.001	0.001
0.001	0.003	0.001	0.995
0.001	0.002	0.996	0.001
0.001	0.001	0.997	0.001
0.093	0.830	0.001	0.076
0.140	0.276	0.260	0.325
0.104	0.127	0.672	0.097
>GGTCACCNTG	9-GGTCACCNTG	6.988903	-890.977436	0	T:1110.0(1.01%),B:662.6(0.13%),P:1e-386	Tpos:7.2,Tstd:1.3,Bpos:10.3,Bstd:4.5,StrandBias:10.0,Multiplicity:1.00
0.003	0.002	0.969	0.026
0.009	0.005	0.971	0.015
0.002	0.009	0.032	0.957
0.012	0.955	0.026	0.007
0.990	0.006	0.003	0.001
0.053	0.645	0.235	0.067
0.218	0.532	0.158	0.092
0.222	0.302	0.259	0.217
0.102	0.070	0.031	0.797
0.060	0.003	0.925	0.012
>GGTGASTCAK	10-GGTGASTCAK	9.313866	-164.558806	0	T:215.0(0.20%),B:142.0(0.03%),P:1e-71	Tpos:6.5,Tstd:1.8,Bpos:10.3,Bstd:4.3,StrandBias:10.0,Multiplicity:1.00
0.285	0.001	0.452	0.262
0.325	0.036	0.638	0.001
0.001	0.001	0.001	0.997
0.001	0.001	0.997	0.001
0.997	0.001	0.001	0.001
0.001	0.547	0.451	0.001
0.001	0.001	0.001	0.997
0.033	0.945	0.001	0.021
0.966	0.001	0.001	0.032
0.029	0.177	0.343	0.451
