MEME version 5.4.1 (Sat Aug 21 19:23:23 2021 -0700)

ALPHABET= ACGU

Background letter frequencies (from uniform background):
A 0.25000 C 0.25000 G 0.25000 U 0.25000 

MOTIF 1 VNNVVNNNNHCUCCANNNBBD

letter-probability matrix: alength= 4 w= 21 nsites= 61 E= 0
  0.180328	  0.377049	  0.327869	  0.114754	
  0.180328	  0.459016	  0.213115	  0.147541	
  0.196721	  0.245902	  0.409836	  0.147541	
  0.180328	  0.426230	  0.278689	  0.114754	
  0.147541	  0.590164	  0.147541	  0.114754	
  0.196721	  0.393443	  0.163934	  0.245902	
  0.311475	  0.245902	  0.278689	  0.163934	
  0.196721	  0.393443	  0.245902	  0.163934	
  0.229508	  0.245902	  0.327869	  0.196721	
  0.196721	  0.409836	  0.049180	  0.344262	
  0.000000	  1.000000	  0.000000	  0.000000	
  0.000000	  0.065574	  0.032787	  0.901639	
  0.032787	  0.918033	  0.032787	  0.016393	
  0.000000	  0.852459	  0.081967	  0.065574	
  0.950820	  0.016393	  0.016393	  0.016393	
  0.213115	  0.245902	  0.327869	  0.213115	
  0.196721	  0.147541	  0.508197	  0.147541	
  0.131148	  0.131148	  0.475410	  0.262295	
  0.114754	  0.327869	  0.426230	  0.131148	
  0.081967	  0.327869	  0.409836	  0.180328	
  0.229508	  0.065574	  0.377049	  0.327869	

MOTIF 2 NNNNVNNNNBCNRRGVNNNVV

letter-probability matrix: alength= 4 w= 21 nsites= 248 E= 0
  0.229839	  0.326613	  0.298387	  0.145161	
  0.153226	  0.358871	  0.322581	  0.165323	
  0.129032	  0.391129	  0.350806	  0.129032	
  0.225806	  0.310484	  0.290323	  0.173387	
  0.173387	  0.342742	  0.370968	  0.112903	
  0.141129	  0.282258	  0.403226	  0.173387	
  0.197581	  0.225806	  0.379032	  0.197581	
  0.193548	  0.270161	  0.302419	  0.233871	
  0.177419	  0.258065	  0.338710	  0.225806	
  0.052419	  0.266129	  0.443548	  0.237903	
  0.000000	  1.000000	  0.000000	  0.000000	
  0.294355	  0.145161	  0.407258	  0.153226	
  0.205645	  0.080645	  0.665323	  0.048387	
  0.181452	  0.112903	  0.641129	  0.064516	
  0.169355	  0.084677	  0.689516	  0.056452	
  0.205645	  0.258065	  0.439516	  0.096774	
  0.209677	  0.354839	  0.254032	  0.181452	
  0.181452	  0.266129	  0.342742	  0.209677	
  0.189516	  0.314516	  0.358871	  0.137097	
  0.189516	  0.375000	  0.314516	  0.120968	
  0.233871	  0.282258	  0.375000	  0.108871	

MOTIF 3 NNNNNGUDGCCANNUGNNNNN

letter-probability matrix: alength= 4 w= 21 nsites= 1852 E= 0
  0.239741	  0.247840	  0.244060	  0.268359	
  0.227862	  0.275378	  0.273758	  0.223002	
  0.249460	  0.236501	  0.267279	  0.246760	
  0.241361	  0.307235	  0.198164	  0.253240	
  0.258639	  0.179806	  0.200324	  0.361231	
  0.054536	  0.052916	  0.828294	  0.064255	
  0.007019	  0.010259	  0.010259	  0.972462	
  0.178726	  0.084233	  0.404968	  0.332073	
  0.030778	  0.020518	  0.902808	  0.045896	
  0.006479	  0.961663	  0.007559	  0.024298	
  0.000000	  1.000000	  0.000000	  0.000000	
  0.698164	  0.123650	  0.078834	  0.099352	
  0.342333	  0.362851	  0.146328	  0.148488	
  0.361771	  0.232721	  0.227322	  0.178186	
  0.097732	  0.062635	  0.093952	  0.745680	
  0.073974	  0.089093	  0.717063	  0.119870	
  0.208423	  0.257559	  0.277538	  0.256479	
  0.263499	  0.229482	  0.261339	  0.245680	
  0.245140	  0.214903	  0.269438	  0.270518	
  0.217603	  0.268359	  0.288877	  0.225162	
  0.241901	  0.241901	  0.288337	  0.227862	

MOTIF 4 NNNNKUNDVCCAMMUGNNNNN

letter-probability matrix: alength= 4 w= 21 nsites= 252 E= 0
  0.281746	  0.269841	  0.234127	  0.214286	
  0.273810	  0.277778	  0.214286	  0.234127	
  0.301587	  0.273810	  0.146825	  0.277778	
  0.257937	  0.202381	  0.238095	  0.301587	
  0.099206	  0.063492	  0.646825	  0.190476	
  0.019841	  0.027778	  0.019841	  0.932540	
  0.182540	  0.198413	  0.277778	  0.341270	
  0.373016	  0.095238	  0.190476	  0.341270	
  0.162698	  0.392857	  0.325397	  0.119048	
  0.003968	  0.988095	  0.007937	  0.000000	
  0.000000	  1.000000	  0.000000	  0.000000	
  0.928571	  0.019841	  0.043651	  0.007937	
  0.583333	  0.341270	  0.051587	  0.023810	
  0.626984	  0.138889	  0.103175	  0.130952	
  0.011905	  0.007937	  0.000000	  0.980159	
  0.007937	  0.000000	  0.980159	  0.011905	
  0.269841	  0.238095	  0.238095	  0.253968	
  0.297619	  0.186508	  0.261905	  0.253968	
  0.238095	  0.238095	  0.257937	  0.265873	
  0.257937	  0.246032	  0.250000	  0.246032	
  0.257937	  0.261905	  0.230159	  0.250000	

